# diyanet | surum=diyanet-2026-10-03.1 | il=BARTIN | yerlesim=3 | 2026-10-03..2027-12-31
#@9285|Bartın|BARTIN|396
20261003|0517|0642|1245|1600|1838|1957|22 Rebiulahir 1448
20261004|0518|0643|1245|1559|1836|1956|23 Rebiulahir 1448
20261005|0519|0644|1244|1558|1834|1954|24 Rebiulahir 1448
20261006|0520|0645|1244|1556|1832|1952|25 Rebiulahir 1448
20261007|0521|0647|1244|1555|1831|1951|26 Rebiulahir 1448
20261008|0522|0648|1243|1554|1829|1949|27 Rebiulahir 1448
20261009|0524|0649|1243|1553|1827|1947|28 Rebiulahir 1448
20261010|0525|0650|1243|1551|1826|1946|29 Rebiulahir 1448
20261011|0526|0651|1243|1550|1824|1944|30 Rebiulahir 1448
20261012|0527|0652|1242|1549|1823|1942|1 Cemaziyelevvel 1448
20261013|0528|0653|1242|1548|1821|1941|2 Cemaziyelevvel 1448
20261014|0529|0654|1242|1546|1819|1939|3 Cemaziyelevvel 1448
20261015|0530|0655|1242|1545|1818|1938|4 Cemaziyelevvel 1448
20261016|0531|0656|1241|1544|1816|1936|5 Cemaziyelevvel 1448
20261017|0532|0658|1241|1543|1815|1935|6 Cemaziyelevvel 1448
20261018|0533|0659|1241|1542|1813|1933|7 Cemaziyelevvel 1448
20261019|0534|0700|1241|1540|1812|1932|8 Cemaziyelevvel 1448
20261020|0535|0701|1241|1539|1810|1930|9 Cemaziyelevvel 1448
20261021|0537|0702|1240|1538|1809|1929|10 Cemaziyelevvel 1448
20261022|0538|0703|1240|1537|1807|1928|11 Cemaziyelevvel 1448
20261023|0539|0705|1240|1536|1806|1926|12 Cemaziyelevvel 1448
20261024|0540|0706|1240|1535|1804|1925|13 Cemaziyelevvel 1448
20261025|0541|0707|1240|1534|1803|1923|14 Cemaziyelevvel 1448
20261026|0542|0708|1240|1532|1801|1922|15 Cemaziyelevvel 1448
20261027|0543|0709|1240|1531|1800|1921|16 Cemaziyelevvel 1448
20261028|0544|0710|1240|1530|1759|1920|17 Cemaziyelevvel 1448
20261029|0545|0712|1239|1529|1757|1918|18 Cemaziyelevvel 1448
20261030|0546|0713|1239|1528|1756|1917|19 Cemaziyelevvel 1448
20261031|0547|0714|1239|1527|1755|1916|20 Cemaziyelevvel 1448
20261101|0548|0715|1239|1526|1753|1915|21 Cemaziyelevvel 1448
20261102|0549|0716|1239|1525|1752|1914|22 Cemaziyelevvel 1448
20270101|0638|0811|1259|1517|1737|1905|23 Recep 1448
20270102|0638|0811|1259|1517|1738|1905|24 Recep 1448
20270103|0638|0811|1300|1518|1739|1906|25 Recep 1448
20270104|0638|0811|1300|1519|1740|1907|26 Recep 1448
20270105|0638|0811|1301|1520|1741|1908|27 Recep 1448
20270106|0638|0811|1301|1521|1742|1909|28 Recep 1448
20270107|0638|0811|1302|1522|1743|1910|29 Recep 1448
20270108|0638|0810|1302|1522|1744|1910|30 Recep 1448
20270109|0638|0810|1302|1523|1745|1911|1 Şaban 1448
20270110|0638|0810|1303|1524|1746|1912|2 Şaban 1448
20270111|0638|0810|1303|1525|1747|1913|3 Şaban 1448
20270112|0638|0810|1304|1526|1748|1914|4 Şaban 1448
20270113|0638|0809|1304|1527|1749|1915|5 Şaban 1448
20270114|0637|0809|1304|1528|1750|1916|6 Şaban 1448
20270115|0637|0808|1305|1529|1751|1917|7 Şaban 1448
20270116|0637|0808|1305|1530|1752|1918|8 Şaban 1448
20270117|0637|0808|1306|1531|1754|1919|9 Şaban 1448
20270118|0636|0807|1306|1532|1755|1920|10 Şaban 1448
20270119|0636|0806|1306|1533|1756|1921|11 Şaban 1448
20270120|0635|0806|1306|1534|1757|1922|12 Şaban 1448
20270121|0635|0805|1307|1535|1758|1923|13 Şaban 1448
20270122|0635|0805|1307|1536|1800|1924|14 Şaban 1448
20270123|0634|0804|1307|1537|1801|1925|15 Şaban 1448
20270124|0633|0803|1308|1539|1802|1926|16 Şaban 1448
20270125|0633|0802|1308|1540|1803|1927|17 Şaban 1448
20270126|0632|0802|1308|1541|1804|1928|18 Şaban 1448
20270127|0632|0801|1308|1542|1806|1929|19 Şaban 1448
20270128|0631|0800|1308|1543|1807|1931|20 Şaban 1448
20270129|0630|0759|1309|1544|1808|1932|21 Şaban 1448
20270130|0630|0758|1309|1545|1809|1933|22 Şaban 1448
20270131|0629|0757|1309|1546|1811|1934|23 Şaban 1448
20270201|0628|0756|1309|1547|1812|1935|24 Şaban 1448
20270202|0627|0755|1309|1548|1813|1936|25 Şaban 1448
20270203|0626|0754|1309|1549|1815|1937|26 Şaban 1448
20270204|0625|0753|1310|1550|1816|1938|27 Şaban 1448
20270205|0624|0752|1310|1551|1817|1939|28 Şaban 1448
20270206|0623|0751|1310|1552|1818|1941|29 Şaban 1448
20270207|0623|0750|1310|1553|1820|1942|30 Şaban 1448
20270208|0621|0749|1310|1554|1821|1943|1 Ramazan 1448
20270209|0620|0748|1310|1555|1822|1944|2 Ramazan 1448
20270210|0619|0746|1310|1556|1823|1945|3 Ramazan 1448
20270211|0618|0745|1310|1557|1825|1946|4 Ramazan 1448
20270212|0617|0744|1310|1558|1826|1947|5 Ramazan 1448
20270213|0616|0743|1310|1559|1827|1948|6 Ramazan 1448
20270214|0615|0741|1310|1600|1829|1950|7 Ramazan 1448
20270215|0614|0740|1310|1601|1830|1951|8 Ramazan 1448
20270216|0612|0739|1310|1602|1831|1952|9 Ramazan 1448
20270217|0611|0737|1310|1603|1832|1953|10 Ramazan 1448
20270218|0610|0736|1310|1604|1834|1954|11 Ramazan 1448
20270219|0609|0734|1310|1605|1835|1955|12 Ramazan 1448
20270220|0607|0733|1309|1606|1836|1956|13 Ramazan 1448
20270221|0606|0732|1309|1607|1837|1958|14 Ramazan 1448
20270222|0604|0730|1309|1608|1838|1959|15 Ramazan 1448
20270223|0603|0729|1309|1609|1840|2000|16 Ramazan 1448
20270224|0602|0727|1309|1609|1841|2001|17 Ramazan 1448
20270225|0600|0726|1309|1610|1842|2002|18 Ramazan 1448
20270226|0559|0724|1309|1611|1843|2003|19 Ramazan 1448
20270227|0557|0723|1308|1612|1844|2004|20 Ramazan 1448
20270228|0556|0721|1308|1613|1846|2006|21 Ramazan 1448
20270301|0554|0719|1308|1614|1847|2007|22 Ramazan 1448
20270302|0553|0718|1308|1614|1848|2008|23 Ramazan 1448
20270303|0551|0716|1308|1615|1849|2009|24 Ramazan 1448
20270304|0550|0715|1308|1616|1850|2010|25 Ramazan 1448
20270305|0548|0713|1307|1617|1852|2011|26 Ramazan 1448
20270306|0546|0711|1307|1617|1853|2013|27 Ramazan 1448
20270307|0545|0710|1307|1618|1854|2014|28 Ramazan 1448
20270308|0543|0708|1307|1619|1855|2015|29 Ramazan 1448
20270309|0541|0707|1306|1620|1856|2016|1 Şevval 1448
20270310|0540|0705|1306|1620|1857|2017|2 Şevval 1448
20270311|0538|0703|1306|1621|1859|2018|3 Şevval 1448
20270312|0536|0702|1306|1622|1900|2020|4 Şevval 1448
20270313|0535|0700|1305|1622|1901|2021|5 Şevval 1448
20270314|0533|0658|1305|1623|1902|2022|6 Şevval 1448
20270315|0531|0657|1305|1624|1903|2023|7 Şevval 1448
20270316|0529|0655|1305|1624|1904|2024|8 Şevval 1448
20270317|0527|0653|1304|1625|1905|2026|9 Şevval 1448
20270318|0526|0652|1304|1625|1906|2027|10 Şevval 1448
20270319|0524|0650|1304|1626|1908|2028|11 Şevval 1448
20270320|0522|0648|1303|1627|1909|2029|12 Şevval 1448
20270321|0520|0646|1303|1627|1910|2030|13 Şevval 1448
20270322|0518|0645|1303|1628|1911|2032|14 Şevval 1448
20270323|0516|0643|1302|1628|1912|2033|15 Şevval 1448
20270324|0515|0641|1302|1629|1913|2034|16 Şevval 1448
20270325|0513|0640|1302|1629|1914|2035|17 Şevval 1448
20270326|0511|0638|1302|1630|1915|2037|18 Şevval 1448
20270327|0509|0636|1301|1630|1916|2038|19 Şevval 1448
20270328|0507|0634|1301|1631|1917|2039|20 Şevval 1448
20270329|0505|0633|1301|1631|1919|2040|21 Şevval 1448
20270330|0503|0631|1300|1632|1920|2042|22 Şevval 1448
20270331|0501|0629|1300|1632|1921|2043|23 Şevval 1448
20270401|0459|0628|1300|1633|1922|2044|24 Şevval 1448
20270402|0457|0626|1259|1633|1923|2046|25 Şevval 1448
20270403|0455|0624|1259|1634|1924|2047|26 Şevval 1448
20270404|0454|0623|1259|1634|1925|2048|27 Şevval 1448
20270405|0452|0621|1259|1635|1926|2050|28 Şevval 1448
20270406|0450|0619|1258|1635|1927|2051|29 Şevval 1448
20270407|0448|0618|1258|1635|1928|2052|30 Şevval 1448
20270408|0446|0616|1258|1636|1929|2054|1 Zilkade 1448
20270409|0444|0614|1257|1636|1931|2055|2 Zilkade 1448
20270410|0442|0613|1257|1637|1932|2057|3 Zilkade 1448
20270411|0440|0611|1257|1637|1933|2058|4 Zilkade 1448
20270412|0438|0610|1257|1637|1934|2059|5 Zilkade 1448
20270413|0436|0608|1256|1638|1935|2101|6 Zilkade 1448
20270414|0434|0606|1256|1638|1936|2102|7 Zilkade 1448
20270415|0432|0605|1256|1639|1937|2104|8 Zilkade 1448
20270416|0430|0603|1256|1639|1938|2105|9 Zilkade 1448
20270417|0428|0602|1255|1639|1939|2107|10 Zilkade 1448
20270418|0426|0600|1255|1640|1940|2108|11 Zilkade 1448
20270419|0424|0558|1255|1640|1941|2109|12 Zilkade 1448
20270420|0422|0557|1255|1640|1943|2111|13 Zilkade 1448
20270421|0420|0555|1255|1641|1944|2112|14 Zilkade 1448
20270422|0418|0554|1254|1641|1945|2114|15 Zilkade 1448
20270423|0416|0552|1254|1641|1946|2115|16 Zilkade 1448
20270424|0414|0551|1254|1642|1947|2117|17 Zilkade 1448
20270425|0412|0550|1254|1642|1948|2118|18 Zilkade 1448
20270426|0411|0548|1254|1642|1949|2120|19 Zilkade 1448
20270427|0409|0547|1253|1643|1950|2122|20 Zilkade 1448
20270428|0407|0545|1253|1643|1951|2123|21 Zilkade 1448
20270429|0405|0544|1253|1643|1952|2125|22 Zilkade 1448
20270430|0403|0543|1253|1644|1953|2126|23 Zilkade 1448
20270501|0401|0541|1253|1644|1955|2128|24 Zilkade 1448
20270502|0359|0540|1253|1644|1956|2129|25 Zilkade 1448
20270503|0357|0539|1253|1645|1957|2131|26 Zilkade 1448
20270504|0356|0537|1253|1645|1958|2132|27 Zilkade 1448
20270505|0354|0536|1252|1645|1959|2134|28 Zilkade 1448
20270506|0352|0535|1252|1645|2000|2136|29 Zilkade 1448
20270507|0350|0534|1252|1646|2001|2137|1 Zilhicce 1448
20270508|0348|0532|1252|1646|2002|2139|2 Zilhicce 1448
20270509|0347|0531|1252|1646|2003|2140|3 Zilhicce 1448
20270510|0345|0530|1252|1647|2004|2142|4 Zilhicce 1448
20270511|0343|0529|1252|1647|2005|2143|5 Zilhicce 1448
20270512|0342|0528|1252|1647|2006|2145|6 Zilhicce 1448
20270513|0340|0527|1252|1648|2007|2147|7 Zilhicce 1448
20270514|0338|0526|1252|1648|2008|2148|8 Zilhicce 1448
20270515|0337|0525|1252|1648|2009|2150|9 Zilhicce 1448
20270516|0335|0524|1252|1648|2010|2151|10 Zilhicce 1448
20270517|0333|0523|1252|1649|2011|2153|11 Zilhicce 1448
20270518|0332|0522|1252|1649|2012|2154|12 Zilhicce 1448
20270519|0330|0521|1252|1649|2013|2156|13 Zilhicce 1448
20270520|0329|0520|1252|1650|2014|2157|14 Zilhicce 1448
20270521|0328|0519|1252|1650|2015|2159|15 Zilhicce 1448
20270522|0326|0519|1252|1650|2016|2200|16 Zilhicce 1448
20270523|0325|0518|1252|1651|2017|2202|17 Zilhicce 1448
20270524|0323|0517|1252|1651|2018|2203|18 Zilhicce 1448
20270525|0322|0516|1253|1651|2019|2205|19 Zilhicce 1448
20270526|0321|0516|1253|1651|2020|2206|20 Zilhicce 1448
20270527|0320|0515|1253|1652|2021|2207|21 Zilhicce 1448
20270528|0318|0514|1253|1652|2022|2209|22 Zilhicce 1448
20270529|0317|0514|1253|1652|2022|2210|23 Zilhicce 1448
20270530|0316|0513|1253|1653|2023|2211|24 Zilhicce 1448
20270531|0315|0513|1253|1653|2024|2213|25 Zilhicce 1448
20270601|0314|0512|1253|1653|2025|2214|26 Zilhicce 1448
20270602|0313|0512|1254|1654|2026|2215|27 Zilhicce 1448
20270603|0312|0511|1254|1654|2026|2216|28 Zilhicce 1448
20270604|0311|0511|1254|1654|2027|2217|29 Zilhicce 1448
20270605|0311|0511|1254|1654|2028|2218|30 Zilhicce 1448
20270606|0310|0510|1254|1655|2028|2219|1 Muharrem 1449
20270607|0309|0510|1254|1655|2029|2220|2 Muharrem 1449
20270608|0308|0510|1255|1655|2030|2221|3 Muharrem 1449
20270609|0308|0509|1255|1656|2030|2222|4 Muharrem 1449
20270610|0307|0509|1255|1656|2031|2223|5 Muharrem 1449
20270611|0307|0509|1255|1656|2031|2224|6 Muharrem 1449
20270612|0306|0509|1255|1656|2032|2225|7 Muharrem 1449
20270613|0306|0509|1256|1657|2032|2226|8 Muharrem 1449
20270614|0306|0509|1256|1657|2033|2226|9 Muharrem 1449
20270615|0306|0509|1256|1657|2033|2227|10 Muharrem 1449
20270616|0305|0509|1256|1657|2034|2227|11 Muharrem 1449
20270617|0305|0509|1256|1658|2034|2228|12 Muharrem 1449
20270618|0305|0509|1257|1658|2034|2228|13 Muharrem 1449
20270619|0305|0509|1257|1658|2035|2229|14 Muharrem 1449
20270620|0305|0509|1257|1658|2035|2229|15 Muharrem 1449
20270621|0306|0509|1257|1659|2035|2229|16 Muharrem 1449
20270622|0306|0510|1258|1659|2036|2230|17 Muharrem 1449
20270623|0306|0510|1258|1659|2036|2230|18 Muharrem 1449
20270624|0306|0510|1258|1659|2036|2230|19 Muharrem 1449
20270625|0307|0510|1258|1659|2036|2230|20 Muharrem 1449
20270626|0307|0511|1258|1700|2036|2230|21 Muharrem 1449
20270627|0308|0511|1259|1700|2036|2230|22 Muharrem 1449
20270628|0308|0512|1259|1700|2036|2230|23 Muharrem 1449
20270629|0309|0512|1259|1700|2036|2230|24 Muharrem 1449
20270630|0310|0512|1259|1700|2036|2229|25 Muharrem 1449
20270701|0310|0513|1259|1700|2036|2229|26 Muharrem 1449
20270702|0311|0513|1300|1701|2036|2229|27 Muharrem 1449
20270703|0312|0514|1300|1701|2036|2228|28 Muharrem 1449
20270704|0313|0515|1300|1701|2036|2228|29 Muharrem 1449
20270705|0314|0515|1300|1701|2035|2227|1 Safer 1449
20270706|0315|0516|1300|1701|2035|2227|2 Safer 1449
20270707|0316|0516|1301|1701|2035|2226|3 Safer 1449
20270708|0317|0517|1301|1701|2034|2225|4 Safer 1449
20270709|0318|0518|1301|1701|2034|2224|5 Safer 1449
20270710|0319|0518|1301|1701|2034|2224|6 Safer 1449
20270711|0320|0519|1301|1701|2033|2223|7 Safer 1449
20270712|0322|0520|1301|1701|2033|2222|8 Safer 1449
20270713|0323|0521|1301|1701|2032|2221|9 Safer 1449
20270714|0324|0521|1302|1701|2032|2220|10 Safer 1449
20270715|0326|0522|1302|1701|2031|2219|11 Safer 1449
20270716|0327|0523|1302|1701|2031|2218|12 Safer 1449
20270717|0328|0524|1302|1701|2030|2217|13 Safer 1449
20270718|0330|0525|1302|1701|2029|2216|14 Safer 1449
20270719|0331|0525|1302|1701|2029|2214|15 Safer 1449
20270720|0333|0526|1302|1701|2028|2213|16 Safer 1449
20270721|0334|0527|1302|1700|2027|2212|17 Safer 1449
20270722|0336|0528|1302|1700|2026|2210|18 Safer 1449
20270723|0337|0529|1302|1700|2025|2209|19 Safer 1449
20270724|0339|0530|1302|1700|2025|2208|20 Safer 1449
20270725|0340|0531|1302|1700|2024|2206|21 Safer 1449
20270726|0342|0532|1302|1659|2023|2205|22 Safer 1449
20270727|0343|0533|1302|1659|2022|2203|23 Safer 1449
20270728|0345|0534|1302|1659|2021|2202|24 Safer 1449
20270729|0346|0535|1302|1658|2020|2200|25 Safer 1449
20270730|0348|0536|1302|1658|2019|2159|26 Safer 1449
20270731|0349|0537|1302|1658|2018|2157|27 Safer 1449
20270801|0351|0538|1302|1657|2017|2156|28 Safer 1449
20270802|0353|0539|1302|1657|2016|2154|29 Safer 1449
20270803|0354|0540|1302|1657|2014|2152|1 Rebiulevvel 1449
20270804|0356|0541|1302|1656|2013|2151|2 Rebiulevvel 1449
20270805|0357|0542|1302|1656|2012|2149|3 Rebiulevvel 1449
20270806|0359|0543|1302|1655|2011|2147|4 Rebiulevvel 1449
20270807|0400|0544|1302|1655|2010|2145|5 Rebiulevvel 1449
20270808|0402|0545|1301|1654|2008|2144|6 Rebiulevvel 1449
20270809|0404|0546|1301|1654|2007|2142|7 Rebiulevvel 1449
20270810|0405|0547|1301|1653|2006|2140|8 Rebiulevvel 1449
20270811|0407|0548|1301|1653|2004|2138|9 Rebiulevvel 1449
20270812|0408|0549|1301|1652|2003|2137|10 Rebiulevvel 1449
20270813|0410|0550|1301|1652|2002|2135|11 Rebiulevvel 1449
20270814|0411|0551|1301|1651|2000|2133|12 Rebiulevvel 1449
20270815|0413|0552|1300|1650|1959|2131|13 Rebiulevvel 1449
20270816|0414|0553|1300|1650|1958|2129|14 Rebiulevvel 1449
20270817|0416|0554|1300|1649|1956|2127|15 Rebiulevvel 1449
20270818|0417|0555|1300|1648|1955|2125|16 Rebiulevvel 1449
20270819|0419|0556|1259|1648|1953|2123|17 Rebiulevvel 1449
20270820|0420|0557|1259|1647|1952|2122|18 Rebiulevvel 1449
20270821|0422|0558|1259|1646|1950|2120|19 Rebiulevvel 1449
20270822|0423|0559|1259|1645|1949|2118|20 Rebiulevvel 1449
20270823|0425|0600|1259|1644|1947|2116|21 Rebiulevvel 1449
20270824|0426|0601|1258|1644|1946|2114|22 Rebiulevvel 1449
20270825|0428|0602|1258|1643|1944|2112|23 Rebiulevvel 1449
20270826|0429|0603|1258|1642|1942|2110|24 Rebiulevvel 1449
20270827|0431|0604|1257|1641|1941|2108|25 Rebiulevvel 1449
20270828|0432|0605|1257|1640|1939|2106|26 Rebiulevvel 1449
20270829|0433|0606|1257|1639|1938|2104|27 Rebiulevvel 1449
20270830|0435|0607|1257|1638|1936|2102|28 Rebiulevvel 1449
20270831|0436|0608|1256|1638|1934|2100|29 Rebiulevvel 1449
20270901|0438|0609|1256|1637|1933|2058|30 Rebiulevvel 1449
20270902|0439|0610|1256|1636|1931|2056|1 Rebiulahir 1449
20270903|0440|0611|1255|1635|1929|2054|2 Rebiulahir 1449
20270904|0442|0612|1255|1634|1928|2052|3 Rebiulahir 1449
20270905|0443|0613|1255|1633|1926|2050|4 Rebiulahir 1449
20270906|0444|0614|1254|1632|1924|2048|5 Rebiulahir 1449
20270907|0446|0615|1254|1631|1923|2046|6 Rebiulahir 1449
20270908|0447|0616|1254|1630|1921|2045|7 Rebiulahir 1449
20270909|0448|0617|1253|1628|1919|2043|8 Rebiulahir 1449
20270910|0449|0618|1253|1627|1918|2041|9 Rebiulahir 1449
20270911|0451|0619|1253|1626|1916|2039|10 Rebiulahir 1449
20270912|0452|0620|1252|1625|1914|2037|11 Rebiulahir 1449
20270913|0453|0621|1252|1624|1912|2035|12 Rebiulahir 1449
20270914|0454|0622|1252|1623|1911|2033|13 Rebiulahir 1449
20270915|0456|0623|1251|1622|1909|2031|14 Rebiulahir 1449
20270916|0457|0624|1251|1621|1907|2029|15 Rebiulahir 1449
20270917|0458|0625|1250|1620|1906|2027|16 Rebiulahir 1449
20270918|0459|0626|1250|1618|1904|2025|17 Rebiulahir 1449
20270919|0501|0627|1250|1617|1902|2023|18 Rebiulahir 1449
20270920|0502|0628|1249|1616|1900|2021|19 Rebiulahir 1449
20270921|0503|0629|1249|1615|1859|2020|20 Rebiulahir 1449
20270922|0504|0631|1249|1614|1857|2018|21 Rebiulahir 1449
20270923|0505|0632|1248|1613|1855|2016|22 Rebiulahir 1449
20270924|0506|0633|1248|1611|1853|2014|23 Rebiulahir 1449
20270925|0508|0634|1248|1610|1852|2012|24 Rebiulahir 1449
20270926|0509|0635|1247|1609|1850|2010|25 Rebiulahir 1449
20270927|0510|0636|1247|1608|1848|2008|26 Rebiulahir 1449
20270928|0511|0637|1247|1606|1846|2007|27 Rebiulahir 1449
20270929|0512|0638|1246|1605|1845|2005|28 Rebiulahir 1449
20270930|0513|0639|1246|1604|1843|2003|29 Rebiulahir 1449
20271001|0514|0640|1246|1603|1841|2001|1 Cemaziyelevvel 1449
20271002|0516|0641|1245|1602|1840|2000|2 Cemaziyelevvel 1449
20271003|0517|0642|1245|1600|1838|1958|3 Cemaziyelevvel 1449
20271004|0518|0643|1245|1559|1836|1956|4 Cemaziyelevvel 1449
20271005|0519|0644|1244|1558|1835|1954|5 Cemaziyelevvel 1449
20271006|0520|0645|1244|1557|1833|1953|6 Cemaziyelevvel 1449
20271007|0521|0646|1244|1555|1831|1951|7 Cemaziyelevvel 1449
20271008|0522|0647|1243|1554|1830|1949|8 Cemaziyelevvel 1449
20271009|0523|0648|1243|1553|1828|1948|9 Cemaziyelevvel 1449
20271010|0524|0650|1243|1552|1826|1946|10 Cemaziyelevvel 1449
20271011|0525|0651|1243|1550|1825|1944|11 Cemaziyelevvel 1449
20271012|0527|0652|1242|1549|1823|1943|12 Cemaziyelevvel 1449
20271013|0528|0653|1242|1548|1821|1941|13 Cemaziyelevvel 1449
20271014|0529|0654|1242|1547|1820|1940|14 Cemaziyelevvel 1449
20271015|0530|0655|1242|1546|1818|1938|15 Cemaziyelevvel 1449
20271016|0531|0656|1241|1544|1817|1937|16 Cemaziyelevvel 1449
20271017|0532|0657|1241|1543|1815|1935|17 Cemaziyelevvel 1449
20271018|0533|0658|1241|1542|1814|1934|18 Cemaziyelevvel 1449
20271019|0534|0700|1241|1541|1812|1932|19 Cemaziyelevvel 1449
20271020|0535|0701|1241|1540|1810|1931|20 Cemaziyelevvel 1449
20271021|0536|0702|1240|1538|1809|1929|21 Cemaziyelevvel 1449
20271022|0537|0703|1240|1537|1807|1928|22 Cemaziyelevvel 1449
20271023|0538|0704|1240|1536|1806|1926|23 Cemaziyelevvel 1449
20271024|0540|0705|1240|1535|1805|1925|24 Cemaziyelevvel 1449
20271025|0541|0707|1240|1534|1803|1924|25 Cemaziyelevvel 1449
20271026|0542|0708|1240|1533|1802|1922|26 Cemaziyelevvel 1449
20271027|0543|0709|1240|1532|1800|1921|27 Cemaziyelevvel 1449
20271028|0544|0710|1240|1531|1759|1920|28 Cemaziyelevvel 1449
20271029|0545|0711|1239|1529|1758|1919|29 Cemaziyelevvel 1449
20271030|0546|0713|1239|1528|1756|1918|30 Cemaziyelevvel 1449
20271031|0547|0714|1239|1527|1755|1916|1 Cemaziyelahir 1449
20271101|0548|0715|1239|1526|1754|1915|2 Cemaziyelahir 1449
20271102|0549|0716|1239|1525|1752|1914|3 Cemaziyelahir 1449
20271103|0550|0717|1239|1524|1751|1913|4 Cemaziyelahir 1449
20271104|0551|0719|1239|1523|1750|1912|5 Cemaziyelahir 1449
20271105|0552|0720|1239|1522|1749|1911|6 Cemaziyelahir 1449
20271106|0553|0721|1239|1522|1748|1910|7 Cemaziyelahir 1449
20271107|0554|0722|1239|1521|1747|1909|8 Cemaziyelahir 1449
20271108|0556|0723|1239|1520|1745|1908|9 Cemaziyelahir 1449
20271109|0557|0725|1239|1519|1744|1907|10 Cemaziyelahir 1449
20271110|0558|0726|1240|1518|1743|1906|11 Cemaziyelahir 1449
20271111|0559|0727|1240|1517|1742|1905|12 Cemaziyelahir 1449
20271112|0600|0728|1240|1516|1741|1904|13 Cemaziyelahir 1449
20271113|0601|0729|1240|1516|1740|1904|14 Cemaziyelahir 1449
20271114|0602|0731|1240|1515|1739|1903|15 Cemaziyelahir 1449
20271115|0603|0732|1240|1514|1738|1902|16 Cemaziyelahir 1449
20271116|0604|0733|1240|1514|1738|1901|17 Cemaziyelahir 1449
20271117|0605|0734|1240|1513|1737|1901|18 Cemaziyelahir 1449
20271118|0606|0736|1241|1512|1736|1900|19 Cemaziyelahir 1449
20271119|0607|0737|1241|1512|1735|1859|20 Cemaziyelahir 1449
20271120|0608|0738|1241|1511|1734|1859|21 Cemaziyelahir 1449
20271121|0609|0739|1241|1511|1734|1858|22 Cemaziyelahir 1449
20271122|0610|0740|1242|1510|1733|1858|23 Cemaziyelahir 1449
20271123|0611|0741|1242|1510|1732|1857|24 Cemaziyelahir 1449
20271124|0612|0743|1242|1509|1732|1857|25 Cemaziyelahir 1449
20271125|0613|0744|1242|1509|1731|1857|26 Cemaziyelahir 1449
20271126|0614|0745|1243|1508|1731|1856|27 Cemaziyelahir 1449
20271127|0615|0746|1243|1508|1730|1856|28 Cemaziyelahir 1449
20271128|0616|0747|1243|1508|1730|1855|29 Cemaziyelahir 1449
20271129|0617|0748|1244|1507|1729|1855|1 Recep 1449
20271130|0618|0749|1244|1507|1729|1855|2 Recep 1449
20271201|0619|0750|1244|1507|1729|1855|3 Recep 1449
20271202|0620|0751|1245|1507|1728|1855|4 Recep 1449
20271203|0620|0752|1245|1507|1728|1854|5 Recep 1449
20271204|0621|0753|1246|1506|1728|1854|6 Recep 1449
20271205|0622|0754|1246|1506|1728|1854|7 Recep 1449
20271206|0623|0755|1246|1506|1727|1854|8 Recep 1449
20271207|0624|0756|1247|1506|1727|1854|9 Recep 1449
20271208|0625|0757|1247|1506|1727|1854|10 Recep 1449
20271209|0625|0758|1248|1506|1727|1854|11 Recep 1449
20271210|0626|0759|1248|1506|1727|1855|12 Recep 1449
20271211|0627|0800|1249|1507|1727|1855|13 Recep 1449
20271212|0628|0801|1249|1507|1727|1855|14 Recep 1449
20271213|0628|0801|1250|1507|1728|1855|15 Recep 1449
20271214|0629|0802|1250|1507|1728|1855|16 Recep 1449
20271215|0630|0803|1250|1507|1728|1856|17 Recep 1449
20271216|0630|0804|1251|1508|1728|1856|18 Recep 1449
20271217|0631|0804|1251|1508|1728|1856|19 Recep 1449
20271218|0632|0805|1252|1508|1729|1857|20 Recep 1449
20271219|0632|0806|1252|1509|1729|1857|21 Recep 1449
20271220|0633|0806|1253|1509|1730|1857|22 Recep 1449
20271221|0633|0807|1253|1510|1730|1858|23 Recep 1449
20271222|0634|0807|1254|1510|1730|1858|24 Recep 1449
20271223|0634|0808|1254|1511|1731|1859|25 Recep 1449
20271224|0635|0808|1255|1511|1732|1859|26 Recep 1449
20271225|0635|0809|1255|1512|1732|1900|27 Recep 1449
20271226|0636|0809|1256|1512|1733|1901|28 Recep 1449
20271227|0636|0809|1256|1513|1733|1901|29 Recep 1449
20271228|0636|0810|1257|1513|1734|1902|30 Recep 1449
20271229|0637|0810|1257|1514|1735|1902|1 Şaban 1449
20271230|0637|0810|1258|1515|1736|1903|2 Şaban 1449
20271231|0637|0810|1258|1516|1736|1904|3 Şaban 1449
#@9286|Kurucaşile|BARTIN|396
20261003|0515|0641|1243|1558|1836|1956|22 Rebiulahir 1448
20261004|0516|0642|1243|1557|1834|1954|23 Rebiulahir 1448
20261005|0517|0643|1243|1556|1833|1953|24 Rebiulahir 1448
20261006|0519|0644|1242|1555|1831|1951|25 Rebiulahir 1448
20261007|0520|0645|1242|1553|1829|1949|26 Rebiulahir 1448
20261008|0521|0646|1242|1552|1827|1948|27 Rebiulahir 1448
20261009|0522|0647|1242|1551|1826|1946|28 Rebiulahir 1448
20261010|0523|0648|1241|1550|1824|1944|29 Rebiulahir 1448
20261011|0524|0650|1241|1548|1823|1943|30 Rebiulahir 1448
20261012|0525|0651|1241|1547|1821|1941|1 Cemaziyelevvel 1448
20261013|0526|0652|1241|1546|1819|1939|2 Cemaziyelevvel 1448
20261014|0527|0653|1240|1545|1818|1938|3 Cemaziyelevvel 1448
20261015|0528|0654|1240|1543|1816|1936|4 Cemaziyelevvel 1448
20261016|0530|0655|1240|1542|1814|1935|5 Cemaziyelevvel 1448
20261017|0531|0656|1240|1541|1813|1933|6 Cemaziyelevvel 1448
20261018|0532|0657|1239|1540|1811|1932|7 Cemaziyelevvel 1448
20261019|0533|0659|1239|1539|1810|1930|8 Cemaziyelevvel 1448
20261020|0534|0700|1239|1537|1808|1929|9 Cemaziyelevvel 1448
20261021|0535|0701|1239|1536|1807|1927|10 Cemaziyelevvel 1448
20261022|0536|0702|1239|1535|1805|1926|11 Cemaziyelevvel 1448
20261023|0537|0703|1239|1534|1804|1925|12 Cemaziyelevvel 1448
20261024|0538|0704|1238|1533|1802|1923|13 Cemaziyelevvel 1448
20261025|0539|0706|1238|1532|1801|1922|14 Cemaziyelevvel 1448
20261026|0540|0707|1238|1531|1800|1921|15 Cemaziyelevvel 1448
20261027|0541|0708|1238|1529|1758|1919|16 Cemaziyelevvel 1448
20261028|0543|0709|1238|1528|1757|1918|17 Cemaziyelevvel 1448
20261029|0544|0710|1238|1527|1755|1917|18 Cemaziyelevvel 1448
20261030|0545|0712|1238|1526|1754|1916|19 Cemaziyelevvel 1448
20261031|0546|0713|1238|1525|1753|1914|20 Cemaziyelevvel 1448
20261101|0547|0714|1238|1524|1751|1913|21 Cemaziyelevvel 1448
20261102|0548|0715|1238|1523|1750|1912|22 Cemaziyelevvel 1448
20270101|0636|0810|1257|1514|1735|1903|23 Recep 1448
20270102|0637|0810|1258|1515|1736|1904|24 Recep 1448
20270103|0637|0810|1258|1516|1737|1904|25 Recep 1448
20270104|0637|0810|1259|1517|1738|1905|26 Recep 1448
20270105|0637|0810|1259|1518|1739|1906|27 Recep 1448
20270106|0637|0810|1300|1518|1740|1907|28 Recep 1448
20270107|0637|0810|1300|1519|1741|1908|29 Recep 1448
20270108|0637|0810|1301|1520|1742|1909|30 Recep 1448
20270109|0637|0809|1301|1521|1743|1910|1 Şaban 1448
20270110|0637|0809|1301|1522|1744|1910|2 Şaban 1448
20270111|0637|0809|1302|1523|1745|1911|3 Şaban 1448
20270112|0637|0809|1302|1524|1746|1912|4 Şaban 1448
20270113|0636|0808|1303|1525|1747|1913|5 Şaban 1448
20270114|0636|0808|1303|1526|1748|1914|6 Şaban 1448
20270115|0636|0808|1303|1527|1749|1915|7 Şaban 1448
20270116|0636|0807|1304|1528|1750|1916|8 Şaban 1448
20270117|0635|0807|1304|1529|1751|1917|9 Şaban 1448
20270118|0635|0806|1304|1530|1753|1918|10 Şaban 1448
20270119|0635|0806|1305|1531|1754|1919|11 Şaban 1448
20270120|0634|0805|1305|1532|1755|1920|12 Şaban 1448
20270121|0634|0804|1305|1533|1756|1921|13 Şaban 1448
20270122|0633|0804|1306|1534|1757|1922|14 Şaban 1448
20270123|0633|0803|1306|1535|1759|1923|15 Şaban 1448
20270124|0632|0802|1306|1536|1800|1925|16 Şaban 1448
20270125|0632|0801|1306|1537|1801|1926|17 Şaban 1448
20270126|0631|0801|1307|1539|1802|1927|18 Şaban 1448
20270127|0630|0800|1307|1540|1804|1928|19 Şaban 1448
20270128|0630|0759|1307|1541|1805|1929|20 Şaban 1448
20270129|0629|0758|1307|1542|1806|1930|21 Şaban 1448
20270130|0628|0757|1307|1543|1807|1931|22 Şaban 1448
20270131|0627|0756|1307|1544|1809|1932|23 Şaban 1448
20270201|0627|0755|1308|1545|1810|1933|24 Şaban 1448
20270202|0626|0754|1308|1546|1811|1934|25 Şaban 1448
20270203|0625|0753|1308|1547|1813|1936|26 Şaban 1448
20270204|0624|0752|1308|1548|1814|1937|27 Şaban 1448
20270205|0623|0751|1308|1549|1815|1938|28 Şaban 1448
20270206|0622|0750|1308|1550|1816|1939|29 Şaban 1448
20270207|0621|0749|1308|1551|1818|1940|30 Şaban 1448
20270208|0620|0748|1308|1552|1819|1941|1 Ramazan 1448
20270209|0619|0746|1308|1553|1820|1942|2 Ramazan 1448
20270210|0618|0745|1308|1554|1822|1943|3 Ramazan 1448
20270211|0617|0744|1308|1555|1823|1945|4 Ramazan 1448
20270212|0616|0743|1308|1556|1824|1946|5 Ramazan 1448
20270213|0615|0741|1308|1557|1825|1947|6 Ramazan 1448
20270214|0613|0740|1308|1558|1827|1948|7 Ramazan 1448
20270215|0612|0739|1308|1559|1828|1949|8 Ramazan 1448
20270216|0611|0737|1308|1600|1829|1950|9 Ramazan 1448
20270217|0610|0736|1308|1601|1830|1951|10 Ramazan 1448
20270218|0608|0735|1308|1602|1832|1953|11 Ramazan 1448
20270219|0607|0733|1308|1603|1833|1954|12 Ramazan 1448
20270220|0606|0732|1308|1604|1834|1955|13 Ramazan 1448
20270221|0604|0730|1308|1605|1835|1956|14 Ramazan 1448
20270222|0603|0729|1308|1606|1837|1957|15 Ramazan 1448
20270223|0602|0727|1308|1607|1838|1958|16 Ramazan 1448
20270224|0600|0726|1307|1608|1839|1959|17 Ramazan 1448
20270225|0559|0724|1307|1608|1840|2001|18 Ramazan 1448
20270226|0557|0723|1307|1609|1842|2002|19 Ramazan 1448
20270227|0556|0721|1307|1610|1843|2003|20 Ramazan 1448
20270228|0554|0720|1307|1611|1844|2004|21 Ramazan 1448
20270301|0553|0718|1307|1612|1845|2005|22 Ramazan 1448
20270302|0551|0717|1306|1613|1846|2006|23 Ramazan 1448
20270303|0549|0715|1306|1613|1848|2008|24 Ramazan 1448
20270304|0548|0713|1306|1614|1849|2009|25 Ramazan 1448
20270305|0546|0712|1306|1615|1850|2010|26 Ramazan 1448
20270306|0545|0710|1306|1616|1851|2011|27 Ramazan 1448
20270307|0543|0708|1305|1616|1852|2012|28 Ramazan 1448
20270308|0541|0707|1305|1617|1853|2013|29 Ramazan 1448
20270309|0540|0705|1305|1618|1855|2015|1 Şevval 1448
20270310|0538|0703|1305|1619|1856|2016|2 Şevval 1448
20270311|0536|0702|1304|1619|1857|2017|3 Şevval 1448
20270312|0534|0700|1304|1620|1858|2018|4 Şevval 1448
20270313|0533|0658|1304|1621|1859|2019|5 Şevval 1448
20270314|0531|0657|1304|1621|1900|2021|6 Şevval 1448
20270315|0529|0655|1303|1622|1901|2022|7 Şevval 1448
20270316|0527|0653|1303|1623|1903|2023|8 Şevval 1448
20270317|0526|0652|1303|1623|1904|2024|9 Şevval 1448
20270318|0524|0650|1302|1624|1905|2026|10 Şevval 1448
20270319|0522|0648|1302|1624|1906|2027|11 Şevval 1448
20270320|0520|0647|1302|1625|1907|2028|12 Şevval 1448
20270321|0518|0645|1302|1626|1908|2029|13 Şevval 1448
20270322|0516|0643|1301|1626|1909|2030|14 Şevval 1448
20270323|0515|0641|1301|1627|1910|2032|15 Şevval 1448
20270324|0513|0640|1301|1627|1912|2033|16 Şevval 1448
20270325|0511|0638|1300|1628|1913|2034|17 Şevval 1448
20270326|0509|0636|1300|1628|1914|2036|18 Şevval 1448
20270327|0507|0635|1300|1629|1915|2037|19 Şevval 1448
20270328|0505|0633|1259|1629|1916|2038|20 Şevval 1448
20270329|0503|0631|1259|1630|1917|2039|21 Şevval 1448
20270330|0501|0629|1259|1630|1918|2041|22 Şevval 1448
20270331|0459|0628|1259|1631|1919|2042|23 Şevval 1448
20270401|0457|0626|1258|1631|1920|2043|24 Şevval 1448
20270402|0455|0624|1258|1632|1922|2045|25 Şevval 1448
20270403|0453|0623|1258|1632|1923|2046|26 Şevval 1448
20270404|0451|0621|1257|1633|1924|2047|27 Şevval 1448
20270405|0450|0619|1257|1633|1925|2049|28 Şevval 1448
20270406|0448|0618|1257|1634|1926|2050|29 Şevval 1448
20270407|0446|0616|1256|1634|1927|2051|30 Şevval 1448
20270408|0444|0614|1256|1634|1928|2053|1 Zilkade 1448
20270409|0442|0613|1256|1635|1929|2054|2 Zilkade 1448
20270410|0440|0611|1256|1635|1930|2056|3 Zilkade 1448
20270411|0438|0609|1255|1636|1931|2057|4 Zilkade 1448
20270412|0436|0608|1255|1636|1933|2058|5 Zilkade 1448
20270413|0434|0606|1255|1636|1934|2100|6 Zilkade 1448
20270414|0432|0605|1255|1637|1935|2101|7 Zilkade 1448
20270415|0430|0603|1254|1637|1936|2103|8 Zilkade 1448
20270416|0428|0601|1254|1638|1937|2104|9 Zilkade 1448
20270417|0426|0600|1254|1638|1938|2106|10 Zilkade 1448
20270418|0424|0558|1254|1638|1939|2107|11 Zilkade 1448
20270419|0422|0557|1253|1639|1940|2109|12 Zilkade 1448
20270420|0420|0555|1253|1639|1941|2110|13 Zilkade 1448
20270421|0418|0554|1253|1639|1942|2112|14 Zilkade 1448
20270422|0416|0552|1253|1640|1944|2113|15 Zilkade 1448
20270423|0414|0551|1253|1640|1945|2115|16 Zilkade 1448
20270424|0412|0549|1252|1640|1946|2116|17 Zilkade 1448
20270425|0410|0548|1252|1641|1947|2118|18 Zilkade 1448
20270426|0408|0546|1252|1641|1948|2119|19 Zilkade 1448
20270427|0406|0545|1252|1641|1949|2121|20 Zilkade 1448
20270428|0404|0543|1252|1642|1950|2122|21 Zilkade 1448
20270429|0402|0542|1252|1642|1951|2124|22 Zilkade 1448
20270430|0401|0541|1251|1642|1952|2126|23 Zilkade 1448
20270501|0359|0539|1251|1643|1953|2127|24 Zilkade 1448
20270502|0357|0538|1251|1643|1955|2129|25 Zilkade 1448
20270503|0355|0537|1251|1643|1956|2130|26 Zilkade 1448
20270504|0353|0535|1251|1644|1957|2132|27 Zilkade 1448
20270505|0351|0534|1251|1644|1958|2133|28 Zilkade 1448
20270506|0349|0533|1251|1644|1959|2135|29 Zilkade 1448
20270507|0348|0532|1251|1645|2000|2137|1 Zilhicce 1448
20270508|0346|0530|1251|1645|2001|2138|2 Zilhicce 1448
20270509|0344|0529|1251|1645|2002|2140|3 Zilhicce 1448
20270510|0342|0528|1251|1645|2003|2141|4 Zilhicce 1448
20270511|0341|0527|1251|1646|2004|2143|5 Zilhicce 1448
20270512|0339|0526|1251|1646|2005|2145|6 Zilhicce 1448
20270513|0337|0525|1251|1646|2006|2146|7 Zilhicce 1448
20270514|0335|0524|1251|1647|2007|2148|8 Zilhicce 1448
20270515|0334|0523|1251|1647|2008|2149|9 Zilhicce 1448
20270516|0332|0522|1251|1647|2009|2151|10 Zilhicce 1448
20270517|0331|0521|1251|1648|2010|2152|11 Zilhicce 1448
20270518|0329|0520|1251|1648|2011|2154|12 Zilhicce 1448
20270519|0328|0519|1251|1648|2012|2156|13 Zilhicce 1448
20270520|0326|0518|1251|1648|2013|2157|14 Zilhicce 1448
20270521|0325|0517|1251|1649|2014|2159|15 Zilhicce 1448
20270522|0323|0516|1251|1649|2015|2200|16 Zilhicce 1448
20270523|0322|0516|1251|1649|2016|2202|17 Zilhicce 1448
20270524|0320|0515|1251|1650|2017|2203|18 Zilhicce 1448
20270525|0319|0514|1251|1650|2018|2204|19 Zilhicce 1448
20270526|0318|0513|1251|1650|2019|2206|20 Zilhicce 1448
20270527|0317|0513|1251|1651|2020|2207|21 Zilhicce 1448
20270528|0315|0512|1251|1651|2021|2209|22 Zilhicce 1448
20270529|0314|0512|1251|1651|2022|2210|23 Zilhicce 1448
20270530|0313|0511|1252|1652|2022|2211|24 Zilhicce 1448
20270531|0312|0510|1252|1652|2023|2213|25 Zilhicce 1448
20270601|0311|0510|1252|1652|2024|2214|26 Zilhicce 1448
20270602|0310|0509|1252|1652|2025|2215|27 Zilhicce 1448
20270603|0309|0509|1252|1653|2025|2216|28 Zilhicce 1448
20270604|0308|0509|1252|1653|2026|2217|29 Zilhicce 1448
20270605|0307|0508|1253|1653|2027|2218|30 Zilhicce 1448
20270606|0307|0508|1253|1654|2028|2219|1 Muharrem 1449
20270607|0306|0508|1253|1654|2028|2220|2 Muharrem 1449
20270608|0305|0507|1253|1654|2029|2221|3 Muharrem 1449
20270609|0305|0507|1253|1654|2029|2222|4 Muharrem 1449
20270610|0304|0507|1253|1655|2030|2223|5 Muharrem 1449
20270611|0304|0507|1254|1655|2031|2224|6 Muharrem 1449
20270612|0303|0507|1254|1655|2031|2225|7 Muharrem 1449
20270613|0303|0507|1254|1656|2032|2226|8 Muharrem 1449
20270614|0303|0507|1254|1656|2032|2226|9 Muharrem 1449
20270615|0302|0507|1255|1656|2033|2227|10 Muharrem 1449
20270616|0302|0507|1255|1656|2033|2228|11 Muharrem 1449
20270617|0302|0507|1255|1657|2033|2228|12 Muharrem 1449
20270618|0302|0507|1255|1657|2034|2229|13 Muharrem 1449
20270619|0302|0507|1255|1657|2034|2229|14 Muharrem 1449
20270620|0302|0507|1256|1657|2034|2229|15 Muharrem 1449
20270621|0302|0507|1256|1658|2035|2230|16 Muharrem 1449
20270622|0302|0507|1256|1658|2035|2230|17 Muharrem 1449
20270623|0303|0508|1256|1658|2035|2230|18 Muharrem 1449
20270624|0303|0508|1256|1658|2035|2230|19 Muharrem 1449
20270625|0303|0508|1257|1658|2035|2230|20 Muharrem 1449
20270626|0304|0509|1257|1659|2035|2230|21 Muharrem 1449
20270627|0304|0509|1257|1659|2035|2230|22 Muharrem 1449
20270628|0305|0509|1257|1659|2035|2230|23 Muharrem 1449
20270629|0306|0510|1258|1659|2035|2230|24 Muharrem 1449
20270630|0306|0510|1258|1659|2035|2229|25 Muharrem 1449
20270701|0307|0511|1258|1659|2035|2229|26 Muharrem 1449
20270702|0308|0511|1258|1659|2035|2229|27 Muharrem 1449
20270703|0309|0512|1258|1700|2035|2228|28 Muharrem 1449
20270704|0310|0512|1258|1700|2035|2228|29 Muharrem 1449
20270705|0311|0513|1259|1700|2034|2227|1 Safer 1449
20270706|0312|0514|1259|1700|2034|2227|2 Safer 1449
20270707|0313|0514|1259|1700|2034|2226|3 Safer 1449
20270708|0314|0515|1259|1700|2034|2225|4 Safer 1449
20270709|0315|0515|1259|1700|2033|2224|5 Safer 1449
20270710|0316|0516|1259|1700|2033|2224|6 Safer 1449
20270711|0317|0517|1300|1700|2032|2223|7 Safer 1449
20270712|0319|0518|1300|1700|2032|2222|8 Safer 1449
20270713|0320|0518|1300|1700|2031|2221|9 Safer 1449
20270714|0321|0519|1300|1700|2031|2220|10 Safer 1449
20270715|0322|0520|1300|1700|2030|2219|11 Safer 1449
20270716|0324|0521|1300|1700|2030|2218|12 Safer 1449
20270717|0325|0522|1300|1700|2029|2217|13 Safer 1449
20270718|0327|0522|1300|1700|2028|2215|14 Safer 1449
20270719|0328|0523|1300|1659|2028|2214|15 Safer 1449
20270720|0330|0524|1301|1659|2027|2213|16 Safer 1449
20270721|0331|0525|1301|1659|2026|2212|17 Safer 1449
20270722|0333|0526|1301|1659|2025|2210|18 Safer 1449
20270723|0334|0527|1301|1659|2025|2209|19 Safer 1449
20270724|0336|0528|1301|1659|2024|2208|20 Safer 1449
20270725|0337|0529|1301|1658|2023|2206|21 Safer 1449
20270726|0339|0530|1301|1658|2022|2205|22 Safer 1449
20270727|0340|0531|1301|1658|2021|2203|23 Safer 1449
20270728|0342|0532|1301|1658|2020|2202|24 Safer 1449
20270729|0343|0533|1301|1657|2019|2200|25 Safer 1449
20270730|0345|0534|1301|1657|2018|2158|26 Safer 1449
20270731|0347|0535|1301|1657|2017|2157|27 Safer 1449
20270801|0348|0536|1301|1656|2016|2155|28 Safer 1449
20270802|0350|0536|1301|1656|2015|2154|29 Safer 1449
20270803|0351|0537|1300|1655|2013|2152|1 Rebiulevvel 1449
20270804|0353|0539|1300|1655|2012|2150|2 Rebiulevvel 1449
20270805|0355|0540|1300|1655|2011|2148|3 Rebiulevvel 1449
20270806|0356|0541|1300|1654|2010|2147|4 Rebiulevvel 1449
20270807|0358|0542|1300|1654|2009|2145|5 Rebiulevvel 1449
20270808|0359|0543|1300|1653|2007|2143|6 Rebiulevvel 1449
20270809|0401|0544|1300|1653|2006|2141|7 Rebiulevvel 1449
20270810|0403|0545|1300|1652|2005|2140|8 Rebiulevvel 1449
20270811|0404|0546|1300|1651|2003|2138|9 Rebiulevvel 1449
20270812|0406|0547|1259|1651|2002|2136|10 Rebiulevvel 1449
20270813|0407|0548|1259|1650|2001|2134|11 Rebiulevvel 1449
20270814|0409|0549|1259|1650|1959|2132|12 Rebiulevvel 1449
20270815|0410|0550|1259|1649|1958|2130|13 Rebiulevvel 1449
20270816|0412|0551|1259|1648|1956|2128|14 Rebiulevvel 1449
20270817|0414|0552|1258|1648|1955|2127|15 Rebiulevvel 1449
20270818|0415|0553|1258|1647|1954|2125|16 Rebiulevvel 1449
20270819|0417|0554|1258|1646|1952|2123|17 Rebiulevvel 1449
20270820|0418|0555|1258|1645|1951|2121|18 Rebiulevvel 1449
20270821|0420|0556|1257|1645|1949|2119|19 Rebiulevvel 1449
20270822|0421|0557|1257|1644|1948|2117|20 Rebiulevvel 1449
20270823|0423|0558|1257|1643|1946|2115|21 Rebiulevvel 1449
20270824|0424|0559|1257|1642|1944|2113|22 Rebiulevvel 1449
20270825|0425|0600|1256|1641|1943|2111|23 Rebiulevvel 1449
20270826|0427|0601|1256|1641|1941|2109|24 Rebiulevvel 1449
20270827|0428|0602|1256|1640|1940|2107|25 Rebiulevvel 1449
20270828|0430|0603|1256|1639|1938|2105|26 Rebiulevvel 1449
20270829|0431|0604|1255|1638|1936|2103|27 Rebiulevvel 1449
20270830|0433|0605|1255|1637|1935|2101|28 Rebiulevvel 1449
20270831|0434|0606|1255|1636|1933|2059|29 Rebiulevvel 1449
20270901|0435|0607|1254|1635|1932|2057|30 Rebiulevvel 1449
20270902|0437|0608|1254|1634|1930|2055|1 Rebiulahir 1449
20270903|0438|0609|1254|1633|1928|2053|2 Rebiulahir 1449
20270904|0439|0610|1253|1632|1926|2051|3 Rebiulahir 1449
20270905|0441|0611|1253|1631|1925|2049|4 Rebiulahir 1449
20270906|0442|0612|1253|1630|1923|2047|5 Rebiulahir 1449
20270907|0443|0613|1252|1629|1921|2045|6 Rebiulahir 1449
20270908|0445|0615|1252|1628|1920|2043|7 Rebiulahir 1449
20270909|0446|0616|1252|1627|1918|2042|8 Rebiulahir 1449
20270910|0447|0617|1251|1626|1916|2040|9 Rebiulahir 1449
20270911|0449|0618|1251|1625|1915|2038|10 Rebiulahir 1449
20270912|0450|0619|1251|1624|1913|2036|11 Rebiulahir 1449
20270913|0451|0620|1250|1623|1911|2034|12 Rebiulahir 1449
20270914|0452|0621|1250|1621|1909|2032|13 Rebiulahir 1449
20270915|0454|0622|1250|1620|1908|2030|14 Rebiulahir 1449
20270916|0455|0623|1249|1619|1906|2028|15 Rebiulahir 1449
20270917|0456|0624|1249|1618|1904|2026|16 Rebiulahir 1449
20270918|0457|0625|1249|1617|1902|2024|17 Rebiulahir 1449
20270919|0459|0626|1248|1616|1901|2022|18 Rebiulahir 1449
20270920|0500|0627|1248|1614|1859|2020|19 Rebiulahir 1449
20270921|0501|0628|1247|1613|1857|2018|20 Rebiulahir 1449
20270922|0502|0629|1247|1612|1855|2016|21 Rebiulahir 1449
20270923|0503|0630|1247|1611|1854|2015|22 Rebiulahir 1449
20270924|0505|0631|1246|1610|1852|2013|23 Rebiulahir 1449
20270925|0506|0632|1246|1608|1850|2011|24 Rebiulahir 1449
20270926|0507|0633|1246|1607|1848|2009|25 Rebiulahir 1449
20270927|0508|0634|1245|1606|1847|2007|26 Rebiulahir 1449
20270928|0509|0635|1245|1605|1845|2005|27 Rebiulahir 1449
20270929|0510|0636|1245|1604|1843|2004|28 Rebiulahir 1449
20270930|0512|0637|1244|1602|1841|2002|29 Rebiulahir 1449
20271001|0513|0638|1244|1601|1840|2000|1 Cemaziyelevvel 1449
20271002|0514|0639|1244|1600|1838|1958|2 Cemaziyelevvel 1449
20271003|0515|0641|1243|1559|1836|1956|3 Cemaziyelevvel 1449
20271004|0516|0642|1243|1557|1835|1955|4 Cemaziyelevvel 1449
20271005|0517|0643|1243|1556|1833|1953|5 Cemaziyelevvel 1449
20271006|0518|0644|1242|1555|1831|1951|6 Cemaziyelevvel 1449
20271007|0519|0645|1242|1554|1830|1950|7 Cemaziyelevvel 1449
20271008|0521|0646|1242|1552|1828|1948|8 Cemaziyelevvel 1449
20271009|0522|0647|1242|1551|1826|1946|9 Cemaziyelevvel 1449
20271010|0523|0648|1241|1550|1825|1945|10 Cemaziyelevvel 1449
20271011|0524|0649|1241|1549|1823|1943|11 Cemaziyelevvel 1449
20271012|0525|0650|1241|1547|1821|1941|12 Cemaziyelevvel 1449
20271013|0526|0652|1241|1546|1820|1940|13 Cemaziyelevvel 1449
20271014|0527|0653|1240|1545|1818|1938|14 Cemaziyelevvel 1449
20271015|0528|0654|1240|1544|1816|1937|15 Cemaziyelevvel 1449
20271016|0529|0655|1240|1542|1815|1935|16 Cemaziyelevvel 1449
20271017|0530|0656|1240|1541|1813|1934|17 Cemaziyelevvel 1449
20271018|0531|0657|1239|1540|1812|1932|18 Cemaziyelevvel 1449
20271019|0533|0658|1239|1539|1810|1931|19 Cemaziyelevvel 1449
20271020|0534|0659|1239|1538|1809|1929|20 Cemaziyelevvel 1449
20271021|0535|0701|1239|1537|1807|1928|21 Cemaziyelevvel 1449
20271022|0536|0702|1239|1535|1806|1926|22 Cemaziyelevvel 1449
20271023|0537|0703|1239|1534|1804|1925|23 Cemaziyelevvel 1449
20271024|0538|0704|1238|1533|1803|1924|24 Cemaziyelevvel 1449
20271025|0539|0705|1238|1532|1801|1922|25 Cemaziyelevvel 1449
20271026|0540|0707|1238|1531|1800|1921|26 Cemaziyelevvel 1449
20271027|0541|0708|1238|1530|1758|1920|27 Cemaziyelevvel 1449
20271028|0542|0709|1238|1529|1757|1918|28 Cemaziyelevvel 1449
20271029|0543|0710|1238|1528|1756|1917|29 Cemaziyelevvel 1449
20271030|0544|0711|1238|1526|1754|1916|30 Cemaziyelevvel 1449
20271031|0546|0713|1238|1525|1753|1915|1 Cemaziyelahir 1449
20271101|0547|0714|1238|1524|1752|1914|2 Cemaziyelahir 1449
20271102|0548|0715|1238|1523|1751|1912|3 Cemaziyelahir 1449
20271103|0549|0716|1238|1522|1749|1911|4 Cemaziyelahir 1449
20271104|0550|0717|1238|1521|1748|1910|5 Cemaziyelahir 1449
20271105|0551|0719|1238|1521|1747|1909|6 Cemaziyelahir 1449
20271106|0552|0720|1238|1520|1746|1908|7 Cemaziyelahir 1449
20271107|0553|0721|1238|1519|1745|1907|8 Cemaziyelahir 1449
20271108|0554|0722|1238|1518|1743|1906|9 Cemaziyelahir 1449
20271109|0555|0724|1238|1517|1742|1905|10 Cemaziyelahir 1449
20271110|0556|0725|1238|1516|1741|1904|11 Cemaziyelahir 1449
20271111|0557|0726|1238|1515|1740|1904|12 Cemaziyelahir 1449
20271112|0558|0727|1238|1514|1739|1903|13 Cemaziyelahir 1449
20271113|0559|0728|1238|1514|1738|1902|14 Cemaziyelahir 1449
20271114|0600|0730|1238|1513|1737|1901|15 Cemaziyelahir 1449
20271115|0601|0731|1239|1512|1736|1900|16 Cemaziyelahir 1449
20271116|0603|0732|1239|1512|1736|1900|17 Cemaziyelahir 1449
20271117|0604|0733|1239|1511|1735|1859|18 Cemaziyelahir 1449
20271118|0605|0735|1239|1510|1734|1858|19 Cemaziyelahir 1449
20271119|0606|0736|1239|1510|1733|1858|20 Cemaziyelahir 1449
20271120|0607|0737|1240|1509|1732|1857|21 Cemaziyelahir 1449
20271121|0608|0738|1240|1508|1732|1857|22 Cemaziyelahir 1449
20271122|0609|0739|1240|1508|1731|1856|23 Cemaziyelahir 1449
20271123|0610|0740|1240|1507|1730|1856|24 Cemaziyelahir 1449
20271124|0611|0742|1241|1507|1730|1855|25 Cemaziyelahir 1449
20271125|0612|0743|1241|1507|1729|1855|26 Cemaziyelahir 1449
20271126|0613|0744|1241|1506|1729|1854|27 Cemaziyelahir 1449
20271127|0614|0745|1242|1506|1728|1854|28 Cemaziyelahir 1449
20271128|0615|0746|1242|1506|1728|1854|29 Cemaziyelahir 1449
20271129|0615|0747|1242|1505|1727|1853|1 Recep 1449
20271130|0616|0748|1243|1505|1727|1853|2 Recep 1449
20271201|0617|0749|1243|1505|1726|1853|3 Recep 1449
20271202|0618|0750|1243|1505|1726|1853|4 Recep 1449
20271203|0619|0751|1244|1504|1726|1853|5 Recep 1449
20271204|0620|0752|1244|1504|1726|1853|6 Recep 1449
20271205|0621|0753|1244|1504|1725|1853|7 Recep 1449
20271206|0622|0754|1245|1504|1725|1852|8 Recep 1449
20271207|0623|0755|1245|1504|1725|1852|9 Recep 1449
20271208|0623|0756|1246|1504|1725|1853|10 Recep 1449
20271209|0624|0757|1246|1504|1725|1853|11 Recep 1449
20271210|0625|0758|1247|1504|1725|1853|12 Recep 1449
20271211|0626|0759|1247|1504|1725|1853|13 Recep 1449
20271212|0626|0800|1248|1504|1725|1853|14 Recep 1449
20271213|0627|0801|1248|1505|1725|1853|15 Recep 1449
20271214|0628|0801|1248|1505|1726|1853|16 Recep 1449
20271215|0629|0802|1249|1505|1726|1854|17 Recep 1449
20271216|0629|0803|1249|1505|1726|1854|18 Recep 1449
20271217|0630|0804|1250|1506|1726|1854|19 Recep 1449
20271218|0630|0804|1250|1506|1727|1855|20 Recep 1449
20271219|0631|0805|1251|1506|1727|1855|21 Recep 1449
20271220|0632|0805|1251|1507|1727|1856|22 Recep 1449
20271221|0632|0806|1252|1507|1728|1856|23 Recep 1449
20271222|0633|0806|1252|1508|1728|1856|24 Recep 1449
20271223|0633|0807|1253|1508|1729|1857|25 Recep 1449
20271224|0634|0807|1253|1509|1729|1857|26 Recep 1449
20271225|0634|0808|1254|1509|1730|1858|27 Recep 1449
20271226|0634|0808|1254|1510|1731|1859|28 Recep 1449
20271227|0635|0809|1255|1511|1731|1859|29 Recep 1449
20271228|0635|0809|1255|1511|1732|1900|30 Recep 1449
20271229|0636|0809|1256|1512|1733|1901|1 Şaban 1449
20271230|0636|0809|1256|1513|1733|1901|2 Şaban 1449
20271231|0636|0809|1257|1513|1734|1902|3 Şaban 1449
#@9287|Ulus|BARTIN|396
20261003|0516|0641|1244|1559|1836|1956|22 Rebiulahir 1448
20261004|0517|0642|1243|1558|1835|1954|23 Rebiulahir 1448
20261005|0518|0643|1243|1556|1833|1953|24 Rebiulahir 1448
20261006|0519|0644|1243|1555|1831|1951|25 Rebiulahir 1448
20261007|0520|0645|1242|1554|1830|1949|26 Rebiulahir 1448
20261008|0521|0646|1242|1553|1828|1948|27 Rebiulahir 1448
20261009|0522|0647|1242|1551|1826|1946|28 Rebiulahir 1448
20261010|0524|0649|1242|1550|1825|1944|29 Rebiulahir 1448
20261011|0525|0650|1241|1549|1823|1943|30 Rebiulahir 1448
20261012|0526|0651|1241|1548|1821|1941|1 Cemaziyelevvel 1448
20261013|0527|0652|1241|1547|1820|1940|2 Cemaziyelevvel 1448
20261014|0528|0653|1241|1545|1818|1938|3 Cemaziyelevvel 1448
20261015|0529|0654|1240|1544|1817|1936|4 Cemaziyelevvel 1448
20261016|0530|0655|1240|1543|1815|1935|5 Cemaziyelevvel 1448
20261017|0531|0656|1240|1542|1814|1933|6 Cemaziyelevvel 1448
20261018|0532|0658|1240|1541|1812|1932|7 Cemaziyelevvel 1448
20261019|0533|0659|1240|1539|1810|1931|8 Cemaziyelevvel 1448
20261020|0534|0700|1239|1538|1809|1929|9 Cemaziyelevvel 1448
20261021|0535|0701|1239|1537|1807|1928|10 Cemaziyelevvel 1448
20261022|0536|0702|1239|1536|1806|1926|11 Cemaziyelevvel 1448
20261023|0538|0703|1239|1535|1805|1925|12 Cemaziyelevvel 1448
20261024|0539|0704|1239|1534|1803|1924|13 Cemaziyelevvel 1448
20261025|0540|0706|1239|1532|1802|1922|14 Cemaziyelevvel 1448
20261026|0541|0707|1239|1531|1800|1921|15 Cemaziyelevvel 1448
20261027|0542|0708|1238|1530|1759|1920|16 Cemaziyelevvel 1448
20261028|0543|0709|1238|1529|1758|1918|17 Cemaziyelevvel 1448
20261029|0544|0710|1238|1528|1756|1917|18 Cemaziyelevvel 1448
20261030|0545|0712|1238|1527|1755|1916|19 Cemaziyelevvel 1448
20261031|0546|0713|1238|1526|1754|1915|20 Cemaziyelevvel 1448
20261101|0547|0714|1238|1525|1752|1914|21 Cemaziyelevvel 1448
20261102|0548|0715|1238|1524|1751|1913|22 Cemaziyelevvel 1448
20270101|0636|0809|1258|1516|1736|1904|23 Recep 1448
20270102|0636|0809|1258|1516|1737|1904|24 Recep 1448
20270103|0637|0809|1259|1517|1738|1905|25 Recep 1448
20270104|0637|0809|1259|1518|1739|1906|26 Recep 1448
20270105|0637|0809|1300|1519|1740|1907|27 Recep 1448
20270106|0637|0809|1300|1520|1741|1908|28 Recep 1448
20270107|0637|0809|1300|1521|1742|1908|29 Recep 1448
20270108|0637|0809|1301|1521|1743|1909|30 Recep 1448
20270109|0637|0809|1301|1522|1744|1910|1 Şaban 1448
20270110|0637|0809|1302|1523|1745|1911|2 Şaban 1448
20270111|0637|0808|1302|1524|1746|1912|3 Şaban 1448
20270112|0637|0808|1303|1525|1747|1913|4 Şaban 1448
20270113|0636|0808|1303|1526|1748|1914|5 Şaban 1448
20270114|0636|0808|1303|1527|1749|1915|6 Şaban 1448
20270115|0636|0807|1304|1528|1750|1916|7 Şaban 1448
20270116|0636|0807|1304|1529|1751|1917|8 Şaban 1448
20270117|0635|0806|1304|1530|1752|1918|9 Şaban 1448
20270118|0635|0806|1305|1531|1754|1919|10 Şaban 1448
20270119|0635|0805|1305|1532|1755|1920|11 Şaban 1448
20270120|0634|0805|1305|1533|1756|1921|12 Şaban 1448
20270121|0634|0804|1306|1534|1757|1922|13 Şaban 1448
20270122|0633|0803|1306|1535|1758|1923|14 Şaban 1448
20270123|0633|0803|1306|1536|1800|1924|15 Şaban 1448
20270124|0632|0802|1306|1537|1801|1925|16 Şaban 1448
20270125|0632|0801|1307|1539|1802|1926|17 Şaban 1448
20270126|0631|0800|1307|1540|1803|1927|18 Şaban 1448
20270127|0630|0800|1307|1541|1805|1928|19 Şaban 1448
20270128|0630|0759|1307|1542|1806|1929|20 Şaban 1448
20270129|0629|0758|1307|1543|1807|1931|21 Şaban 1448
20270130|0628|0757|1308|1544|1808|1932|22 Şaban 1448
20270131|0628|0756|1308|1545|1810|1933|23 Şaban 1448
20270201|0627|0755|1308|1546|1811|1934|24 Şaban 1448
20270202|0626|0754|1308|1547|1812|1935|25 Şaban 1448
20270203|0625|0753|1308|1548|1813|1936|26 Şaban 1448
20270204|0624|0752|1308|1549|1815|1937|27 Şaban 1448
20270205|0623|0751|1308|1550|1816|1938|28 Şaban 1448
20270206|0622|0750|1308|1551|1817|1939|29 Şaban 1448
20270207|0621|0749|1309|1552|1819|1940|30 Şaban 1448
20270208|0620|0747|1309|1553|1820|1942|1 Ramazan 1448
20270209|0619|0746|1309|1554|1821|1943|2 Ramazan 1448
20270210|0618|0745|1309|1555|1822|1944|3 Ramazan 1448
20270211|0617|0744|1309|1556|1824|1945|4 Ramazan 1448
20270212|0616|0743|1309|1557|1825|1946|5 Ramazan 1448
20270213|0615|0741|1309|1558|1826|1947|6 Ramazan 1448
20270214|0614|0740|1309|1559|1827|1948|7 Ramazan 1448
20270215|0612|0739|1309|1600|1829|1950|8 Ramazan 1448
20270216|0611|0737|1309|1601|1830|1951|9 Ramazan 1448
20270217|0610|0736|1309|1602|1831|1952|10 Ramazan 1448
20270218|0609|0735|1308|1603|1832|1953|11 Ramazan 1448
20270219|0607|0733|1308|1604|1834|1954|12 Ramazan 1448
20270220|0606|0732|1308|1605|1835|1955|13 Ramazan 1448
20270221|0605|0730|1308|1606|1836|1956|14 Ramazan 1448
20270222|0603|0729|1308|1607|1837|1957|15 Ramazan 1448
20270223|0602|0727|1308|1607|1839|1959|16 Ramazan 1448
20270224|0600|0726|1308|1608|1840|2000|17 Ramazan 1448
20270225|0559|0724|1308|1609|1841|2001|18 Ramazan 1448
20270226|0558|0723|1307|1610|1842|2002|19 Ramazan 1448
20270227|0556|0721|1307|1611|1843|2003|20 Ramazan 1448
20270228|0555|0720|1307|1612|1845|2004|21 Ramazan 1448
20270301|0553|0718|1307|1612|1846|2005|22 Ramazan 1448
20270302|0552|0717|1307|1613|1847|2007|23 Ramazan 1448
20270303|0550|0715|1307|1614|1848|2008|24 Ramazan 1448
20270304|0548|0713|1306|1615|1849|2009|25 Ramazan 1448
20270305|0547|0712|1306|1616|1850|2010|26 Ramazan 1448
20270306|0545|0710|1306|1616|1852|2011|27 Ramazan 1448
20270307|0544|0709|1306|1617|1853|2012|28 Ramazan 1448
20270308|0542|0707|1305|1618|1854|2014|29 Ramazan 1448
20270309|0540|0705|1305|1618|1855|2015|1 Şevval 1448
20270310|0539|0704|1305|1619|1856|2016|2 Şevval 1448
20270311|0537|0702|1305|1620|1857|2017|3 Şevval 1448
20270312|0535|0700|1304|1621|1858|2018|4 Şevval 1448
20270313|0533|0659|1304|1621|1900|2019|5 Şevval 1448
20270314|0532|0657|1304|1622|1901|2021|6 Şevval 1448
20270315|0530|0655|1304|1622|1902|2022|7 Şevval 1448
20270316|0528|0654|1303|1623|1903|2023|8 Şevval 1448
20270317|0526|0652|1303|1624|1904|2024|9 Şevval 1448
20270318|0525|0650|1303|1624|1905|2025|10 Şevval 1448
20270319|0523|0649|1302|1625|1906|2027|11 Şevval 1448
20270320|0521|0647|1302|1625|1907|2028|12 Şevval 1448
20270321|0519|0645|1302|1626|1909|2029|13 Şevval 1448
20270322|0517|0644|1302|1627|1910|2030|14 Şevval 1448
20270323|0515|0642|1301|1627|1911|2032|15 Şevval 1448
20270324|0514|0640|1301|1628|1912|2033|16 Şevval 1448
20270325|0512|0638|1301|1628|1913|2034|17 Şevval 1448
20270326|0510|0637|1300|1629|1914|2035|18 Şevval 1448
20270327|0508|0635|1300|1629|1915|2037|19 Şevval 1448
20270328|0506|0633|1300|1630|1916|2038|20 Şevval 1448
20270329|0504|0632|1259|1630|1917|2039|21 Şevval 1448
20270330|0502|0630|1259|1631|1918|2040|22 Şevval 1448
20270331|0500|0628|1259|1631|1920|2042|23 Şevval 1448
20270401|0458|0627|1259|1632|1921|2043|24 Şevval 1448
20270402|0456|0625|1258|1632|1922|2044|25 Şevval 1448
20270403|0454|0623|1258|1633|1923|2046|26 Şevval 1448
20270404|0452|0622|1258|1633|1924|2047|27 Şevval 1448
20270405|0451|0620|1257|1633|1925|2048|28 Şevval 1448
20270406|0449|0618|1257|1634|1926|2050|29 Şevval 1448
20270407|0447|0617|1257|1634|1927|2051|30 Şevval 1448
20270408|0445|0615|1257|1635|1928|2052|1 Zilkade 1448
20270409|0443|0613|1256|1635|1929|2054|2 Zilkade 1448
20270410|0441|0612|1256|1635|1930|2055|3 Zilkade 1448
20270411|0439|0610|1256|1636|1931|2057|4 Zilkade 1448
20270412|0437|0608|1255|1636|1933|2058|5 Zilkade 1448
20270413|0435|0607|1255|1637|1934|2059|6 Zilkade 1448
20270414|0433|0605|1255|1637|1935|2101|7 Zilkade 1448
20270415|0431|0604|1255|1637|1936|2102|8 Zilkade 1448
20270416|0429|0602|1254|1638|1937|2104|9 Zilkade 1448
20270417|0427|0600|1254|1638|1938|2105|10 Zilkade 1448
20270418|0425|0559|1254|1638|1939|2107|11 Zilkade 1448
20270419|0423|0557|1254|1639|1940|2108|12 Zilkade 1448
20270420|0421|0556|1254|1639|1941|2110|13 Zilkade 1448
20270421|0419|0554|1253|1639|1942|2111|14 Zilkade 1448
20270422|0417|0553|1253|1640|1943|2113|15 Zilkade 1448
20270423|0415|0551|1253|1640|1945|2114|16 Zilkade 1448
20270424|0413|0550|1253|1640|1946|2116|17 Zilkade 1448
20270425|0412|0548|1253|1641|1947|2117|18 Zilkade 1448
20270426|0410|0547|1252|1641|1948|2119|19 Zilkade 1448
20270427|0408|0546|1252|1641|1949|2120|20 Zilkade 1448
20270428|0406|0544|1252|1642|1950|2122|21 Zilkade 1448
20270429|0404|0543|1252|1642|1951|2123|22 Zilkade 1448
20270430|0402|0541|1252|1642|1952|2125|23 Zilkade 1448
20270501|0400|0540|1252|1643|1953|2126|24 Zilkade 1448
20270502|0358|0539|1252|1643|1954|2128|25 Zilkade 1448
20270503|0356|0538|1251|1643|1955|2129|26 Zilkade 1448
20270504|0355|0536|1251|1644|1956|2131|27 Zilkade 1448
20270505|0353|0535|1251|1644|1958|2133|28 Zilkade 1448
20270506|0351|0534|1251|1644|1959|2134|29 Zilkade 1448
20270507|0349|0533|1251|1644|2000|2136|1 Zilhicce 1448
20270508|0348|0531|1251|1645|2001|2137|2 Zilhicce 1448
20270509|0346|0530|1251|1645|2002|2139|3 Zilhicce 1448
20270510|0344|0529|1251|1645|2003|2140|4 Zilhicce 1448
20270511|0342|0528|1251|1646|2004|2142|5 Zilhicce 1448
20270512|0341|0527|1251|1646|2005|2143|6 Zilhicce 1448
20270513|0339|0526|1251|1646|2006|2145|7 Zilhicce 1448
20270514|0337|0525|1251|1647|2007|2147|8 Zilhicce 1448
20270515|0336|0524|1251|1647|2008|2148|9 Zilhicce 1448
20270516|0334|0523|1251|1647|2009|2150|10 Zilhicce 1448
20270517|0333|0522|1251|1647|2010|2151|11 Zilhicce 1448
20270518|0331|0521|1251|1648|2011|2153|12 Zilhicce 1448
20270519|0330|0520|1251|1648|2012|2154|13 Zilhicce 1448
20270520|0328|0519|1251|1648|2013|2156|14 Zilhicce 1448
20270521|0327|0518|1251|1649|2014|2157|15 Zilhicce 1448
20270522|0325|0517|1251|1649|2015|2159|16 Zilhicce 1448
20270523|0324|0517|1251|1649|2016|2200|17 Zilhicce 1448
20270524|0323|0516|1251|1650|2017|2202|18 Zilhicce 1448
20270525|0321|0515|1251|1650|2018|2203|19 Zilhicce 1448
20270526|0320|0515|1251|1650|2018|2204|20 Zilhicce 1448
20270527|0319|0514|1252|1650|2019|2206|21 Zilhicce 1448
20270528|0318|0513|1252|1651|2020|2207|22 Zilhicce 1448
20270529|0316|0513|1252|1651|2021|2208|23 Zilhicce 1448
20270530|0315|0512|1252|1651|2022|2210|24 Zilhicce 1448
20270531|0314|0512|1252|1652|2023|2211|25 Zilhicce 1448
20270601|0313|0511|1252|1652|2023|2212|26 Zilhicce 1448
20270602|0312|0511|1252|1652|2024|2213|27 Zilhicce 1448
20270603|0311|0510|1253|1653|2025|2215|28 Zilhicce 1448
20270604|0311|0510|1253|1653|2026|2216|29 Zilhicce 1448
20270605|0310|0509|1253|1653|2026|2217|30 Zilhicce 1448
20270606|0309|0509|1253|1653|2027|2218|1 Muharrem 1449
20270607|0308|0509|1253|1654|2028|2219|2 Muharrem 1449
20270608|0308|0509|1253|1654|2028|2220|3 Muharrem 1449
20270609|0307|0508|1254|1654|2029|2221|4 Muharrem 1449
20270610|0307|0508|1254|1655|2029|2222|5 Muharrem 1449
20270611|0306|0508|1254|1655|2030|2222|6 Muharrem 1449
20270612|0306|0508|1254|1655|2031|2223|7 Muharrem 1449
20270613|0305|0508|1254|1655|2031|2224|8 Muharrem 1449
20270614|0305|0508|1255|1656|2032|2225|9 Muharrem 1449
20270615|0305|0508|1255|1656|2032|2225|10 Muharrem 1449
20270616|0305|0508|1255|1656|2032|2226|11 Muharrem 1449
20270617|0305|0508|1255|1656|2033|2226|12 Muharrem 1449
20270618|0305|0508|1256|1657|2033|2227|13 Muharrem 1449
20270619|0305|0508|1256|1657|2033|2227|14 Muharrem 1449
20270620|0305|0508|1256|1657|2034|2227|15 Muharrem 1449
20270621|0305|0508|1256|1657|2034|2228|16 Muharrem 1449
20270622|0305|0509|1256|1658|2034|2228|17 Muharrem 1449
20270623|0305|0509|1257|1658|2034|2228|18 Muharrem 1449
20270624|0306|0509|1257|1658|2034|2228|19 Muharrem 1449
20270625|0306|0509|1257|1658|2035|2228|20 Muharrem 1449
20270626|0306|0510|1257|1658|2035|2228|21 Muharrem 1449
20270627|0307|0510|1257|1658|2035|2228|22 Muharrem 1449
20270628|0308|0511|1258|1659|2035|2228|23 Muharrem 1449
20270629|0308|0511|1258|1659|2035|2228|24 Muharrem 1449
20270630|0309|0511|1258|1659|2035|2228|25 Muharrem 1449
20270701|0310|0512|1258|1659|2035|2227|26 Muharrem 1449
20270702|0310|0512|1258|1659|2035|2227|27 Muharrem 1449
20270703|0311|0513|1259|1659|2034|2227|28 Muharrem 1449
20270704|0312|0514|1259|1659|2034|2226|29 Muharrem 1449
20270705|0313|0514|1259|1700|2034|2226|1 Safer 1449
20270706|0314|0515|1259|1700|2034|2225|2 Safer 1449
20270707|0315|0515|1259|1700|2033|2224|3 Safer 1449
20270708|0316|0516|1300|1700|2033|2224|4 Safer 1449
20270709|0317|0517|1300|1700|2033|2223|5 Safer 1449
20270710|0318|0517|1300|1700|2032|2222|6 Safer 1449
20270711|0320|0518|1300|1700|2032|2221|7 Safer 1449
20270712|0321|0519|1300|1700|2031|2220|8 Safer 1449
20270713|0322|0520|1300|1700|2031|2219|9 Safer 1449
20270714|0323|0520|1300|1700|2030|2218|10 Safer 1449
20270715|0325|0521|1300|1700|2030|2217|11 Safer 1449
20270716|0326|0522|1301|1700|2029|2216|12 Safer 1449
20270717|0327|0523|1301|1700|2029|2215|13 Safer 1449
20270718|0329|0524|1301|1659|2028|2214|14 Safer 1449
20270719|0330|0524|1301|1659|2027|2213|15 Safer 1449
20270720|0332|0525|1301|1659|2026|2212|16 Safer 1449
20270721|0333|0526|1301|1659|2026|2210|17 Safer 1449
20270722|0335|0527|1301|1659|2025|2209|18 Safer 1449
20270723|0336|0528|1301|1659|2024|2208|19 Safer 1449
20270724|0338|0529|1301|1658|2023|2206|20 Safer 1449
20270725|0339|0530|1301|1658|2022|2205|21 Safer 1449
20270726|0341|0531|1301|1658|2021|2203|22 Safer 1449
20270727|0342|0532|1301|1658|2020|2202|23 Safer 1449
20270728|0344|0533|1301|1657|2020|2200|24 Safer 1449
20270729|0345|0534|1301|1657|2019|2159|25 Safer 1449
20270730|0347|0535|1301|1657|2017|2157|26 Safer 1449
20270731|0348|0536|1301|1657|2016|2156|27 Safer 1449
20270801|0350|0537|1301|1656|2015|2154|28 Safer 1449
20270802|0352|0537|1301|1656|2014|2152|29 Safer 1449
20270803|0353|0538|1301|1655|2013|2151|1 Rebiulevvel 1449
20270804|0355|0539|1301|1655|2012|2149|2 Rebiulevvel 1449
20270805|0356|0540|1301|1655|2011|2147|3 Rebiulevvel 1449
20270806|0358|0541|1300|1654|2010|2146|4 Rebiulevvel 1449
20270807|0400|0542|1300|1654|2008|2144|5 Rebiulevvel 1449
20270808|0401|0543|1300|1653|2007|2142|6 Rebiulevvel 1449
20270809|0403|0545|1300|1653|2006|2140|7 Rebiulevvel 1449
20270810|0404|0546|1300|1652|2004|2139|8 Rebiulevvel 1449
20270811|0406|0547|1300|1651|2003|2137|9 Rebiulevvel 1449
20270812|0407|0548|1300|1651|2002|2135|10 Rebiulevvel 1449
20270813|0409|0549|1300|1650|2000|2133|11 Rebiulevvel 1449
20270814|0410|0550|1259|1650|1959|2131|12 Rebiulevvel 1449
20270815|0412|0551|1259|1649|1958|2130|13 Rebiulevvel 1449
20270816|0413|0552|1259|1648|1956|2128|14 Rebiulevvel 1449
20270817|0415|0553|1259|1648|1955|2126|15 Rebiulevvel 1449
20270818|0416|0554|1259|1647|1953|2124|16 Rebiulevvel 1449
20270819|0418|0555|1258|1646|1952|2122|17 Rebiulevvel 1449
20270820|0419|0556|1258|1646|1950|2120|18 Rebiulevvel 1449
20270821|0421|0557|1258|1645|1949|2118|19 Rebiulevvel 1449
20270822|0422|0558|1258|1644|1947|2116|20 Rebiulevvel 1449
20270823|0424|0559|1257|1643|1946|2114|21 Rebiulevvel 1449
20270824|0425|0600|1257|1642|1944|2112|22 Rebiulevvel 1449
20270825|0427|0601|1257|1642|1943|2111|23 Rebiulevvel 1449
20270826|0428|0602|1257|1641|1941|2109|24 Rebiulevvel 1449
20270827|0430|0603|1256|1640|1940|2107|25 Rebiulevvel 1449
20270828|0431|0604|1256|1639|1938|2105|26 Rebiulevvel 1449
20270829|0432|0605|1256|1638|1936|2103|27 Rebiulevvel 1449
20270830|0434|0606|1255|1637|1935|2101|28 Rebiulevvel 1449
20270831|0435|0607|1255|1636|1933|2059|29 Rebiulevvel 1449
20270901|0437|0608|1255|1635|1932|2057|30 Rebiulevvel 1449
20270902|0438|0609|1254|1634|1930|2055|1 Rebiulahir 1449
20270903|0439|0610|1254|1633|1928|2053|2 Rebiulahir 1449
20270904|0441|0611|1254|1632|1927|2051|3 Rebiulahir 1449
20270905|0442|0612|1253|1631|1925|2049|4 Rebiulahir 1449
20270906|0443|0613|1253|1630|1923|2047|5 Rebiulahir 1449
20270907|0445|0614|1253|1629|1922|2045|6 Rebiulahir 1449
20270908|0446|0615|1252|1628|1920|2043|7 Rebiulahir 1449
20270909|0447|0616|1252|1627|1918|2041|8 Rebiulahir 1449
20270910|0448|0617|1252|1626|1916|2039|9 Rebiulahir 1449
20270911|0450|0618|1251|1625|1915|2037|10 Rebiulahir 1449
20270912|0451|0619|1251|1624|1913|2035|11 Rebiulahir 1449
20270913|0452|0620|1251|1623|1911|2033|12 Rebiulahir 1449
20270914|0453|0621|1250|1622|1910|2032|13 Rebiulahir 1449
20270915|0455|0622|1250|1621|1908|2030|14 Rebiulahir 1449
20270916|0456|0623|1250|1620|1906|2028|15 Rebiulahir 1449
20270917|0457|0624|1249|1618|1904|2026|16 Rebiulahir 1449
20270918|0458|0625|1249|1617|1903|2024|17 Rebiulahir 1449
20270919|0459|0626|1249|1616|1901|2022|18 Rebiulahir 1449
20270920|0501|0627|1248|1615|1859|2020|19 Rebiulahir 1449
20270921|0502|0628|1248|1614|1857|2018|20 Rebiulahir 1449
20270922|0503|0629|1247|1613|1856|2016|21 Rebiulahir 1449
20270923|0504|0630|1247|1611|1854|2015|22 Rebiulahir 1449
20270924|0505|0631|1247|1610|1852|2013|23 Rebiulahir 1449
20270925|0506|0632|1246|1609|1850|2011|24 Rebiulahir 1449
20270926|0508|0633|1246|1608|1849|2009|25 Rebiulahir 1449
20270927|0509|0634|1246|1607|1847|2007|26 Rebiulahir 1449
20270928|0510|0636|1245|1605|1845|2005|27 Rebiulahir 1449
20270929|0511|0637|1245|1604|1844|2004|28 Rebiulahir 1449
20270930|0512|0638|1245|1603|1842|2002|29 Rebiulahir 1449
20271001|0513|0639|1244|1602|1840|2000|1 Cemaziyelevvel 1449
20271002|0514|0640|1244|1600|1838|1958|2 Cemaziyelevvel 1449
20271003|0516|0641|1244|1559|1837|1957|3 Cemaziyelevvel 1449
20271004|0517|0642|1243|1558|1835|1955|4 Cemaziyelevvel 1449
20271005|0518|0643|1243|1557|1833|1953|5 Cemaziyelevvel 1449
20271006|0519|0644|1243|1555|1832|1951|6 Cemaziyelevvel 1449
20271007|0520|0645|1243|1554|1830|1950|7 Cemaziyelevvel 1449
20271008|0521|0646|1242|1553|1828|1948|8 Cemaziyelevvel 1449
20271009|0522|0647|1242|1552|1827|1946|9 Cemaziyelevvel 1449
20271010|0523|0648|1242|1551|1825|1945|10 Cemaziyelevvel 1449
20271011|0524|0649|1241|1549|1823|1943|11 Cemaziyelevvel 1449
20271012|0525|0651|1241|1548|1822|1942|12 Cemaziyelevvel 1449
20271013|0527|0652|1241|1547|1820|1940|13 Cemaziyelevvel 1449
20271014|0528|0653|1241|1546|1819|1938|14 Cemaziyelevvel 1449
20271015|0529|0654|1240|1544|1817|1937|15 Cemaziyelevvel 1449
20271016|0530|0655|1240|1543|1815|1935|16 Cemaziyelevvel 1449
20271017|0531|0656|1240|1542|1814|1934|17 Cemaziyelevvel 1449
20271018|0532|0657|1240|1541|1812|1932|18 Cemaziyelevvel 1449
20271019|0533|0658|1240|1540|1811|1931|19 Cemaziyelevvel 1449
20271020|0534|0700|1239|1538|1809|1929|20 Cemaziyelevvel 1449
20271021|0535|0701|1239|1537|1808|1928|21 Cemaziyelevvel 1449
20271022|0536|0702|1239|1536|1806|1927|22 Cemaziyelevvel 1449
20271023|0537|0703|1239|1535|1805|1925|23 Cemaziyelevvel 1449
20271024|0538|0704|1239|1534|1803|1924|24 Cemaziyelevvel 1449
20271025|0539|0705|1239|1533|1802|1923|25 Cemaziyelevvel 1449
20271026|0540|0706|1239|1532|1801|1921|26 Cemaziyelevvel 1449
20271027|0542|0708|1238|1531|1759|1920|27 Cemaziyelevvel 1449
20271028|0543|0709|1238|1529|1758|1919|28 Cemaziyelevvel 1449
20271029|0544|0710|1238|1528|1757|1918|29 Cemaziyelevvel 1449
20271030|0545|0711|1238|1527|1755|1916|30 Cemaziyelevvel 1449
20271031|0546|0712|1238|1526|1754|1915|1 Cemaziyelahir 1449
20271101|0547|0714|1238|1525|1753|1914|2 Cemaziyelahir 1449
20271102|0548|0715|1238|1524|1751|1913|3 Cemaziyelahir 1449
20271103|0549|0716|1238|1523|1750|1912|4 Cemaziyelahir 1449
20271104|0550|0717|1238|1522|1749|1911|5 Cemaziyelahir 1449
20271105|0551|0718|1238|1521|1748|1910|6 Cemaziyelahir 1449
20271106|0552|0720|1238|1520|1747|1909|7 Cemaziyelahir 1449
20271107|0553|0721|1238|1520|1745|1908|8 Cemaziyelahir 1449
20271108|0554|0722|1238|1519|1744|1907|9 Cemaziyelahir 1449
20271109|0555|0723|1238|1518|1743|1906|10 Cemaziyelahir 1449
20271110|0556|0725|1238|1517|1742|1905|11 Cemaziyelahir 1449
20271111|0557|0726|1238|1516|1741|1904|12 Cemaziyelahir 1449
20271112|0558|0727|1239|1515|1740|1903|13 Cemaziyelahir 1449
20271113|0600|0728|1239|1515|1739|1902|14 Cemaziyelahir 1449
20271114|0601|0729|1239|1514|1738|1902|15 Cemaziyelahir 1449
20271115|0602|0731|1239|1513|1737|1901|16 Cemaziyelahir 1449
20271116|0603|0732|1239|1513|1736|1900|17 Cemaziyelahir 1449
20271117|0604|0733|1239|1512|1736|1900|18 Cemaziyelahir 1449
20271118|0605|0734|1239|1511|1735|1859|19 Cemaziyelahir 1449
20271119|0606|0735|1240|1511|1734|1858|20 Cemaziyelahir 1449
20271120|0607|0737|1240|1510|1733|1858|21 Cemaziyelahir 1449
20271121|0608|0738|1240|1510|1733|1857|22 Cemaziyelahir 1449
20271122|0609|0739|1240|1509|1732|1857|23 Cemaziyelahir 1449
20271123|0610|0740|1241|1509|1731|1856|24 Cemaziyelahir 1449
20271124|0611|0741|1241|1508|1731|1856|25 Cemaziyelahir 1449
20271125|0612|0742|1241|1508|1730|1855|26 Cemaziyelahir 1449
20271126|0613|0744|1242|1507|1730|1855|27 Cemaziyelahir 1449
20271127|0614|0745|1242|1507|1729|1855|28 Cemaziyelahir 1449
20271128|0615|0746|1242|1507|1729|1854|29 Cemaziyelahir 1449
20271129|0615|0747|1243|1506|1728|1854|1 Recep 1449
20271130|0616|0748|1243|1506|1728|1854|2 Recep 1449
20271201|0617|0749|1243|1506|1728|1854|3 Recep 1449
20271202|0618|0750|1244|1506|1727|1854|4 Recep 1449
20271203|0619|0751|1244|1505|1727|1853|5 Recep 1449
20271204|0620|0752|1244|1505|1727|1853|6 Recep 1449
20271205|0621|0753|1245|1505|1727|1853|7 Recep 1449
20271206|0622|0754|1245|1505|1726|1853|8 Recep 1449
20271207|0623|0755|1246|1505|1726|1853|9 Recep 1449
20271208|0623|0756|1246|1505|1726|1853|10 Recep 1449
20271209|0624|0757|1246|1505|1726|1853|11 Recep 1449
20271210|0625|0758|1247|1505|1726|1853|12 Recep 1449
20271211|0626|0758|1247|1505|1726|1854|13 Recep 1449
20271212|0626|0759|1248|1506|1726|1854|14 Recep 1449
20271213|0627|0800|1248|1506|1727|1854|15 Recep 1449
20271214|0628|0801|1249|1506|1727|1854|16 Recep 1449
20271215|0629|0802|1249|1506|1727|1854|17 Recep 1449
20271216|0629|0802|1250|1507|1727|1855|18 Recep 1449
20271217|0630|0803|1250|1507|1727|1855|19 Recep 1449
20271218|0630|0804|1251|1507|1728|1855|20 Recep 1449
20271219|0631|0804|1251|1508|1728|1856|21 Recep 1449
20271220|0632|0805|1252|1508|1729|1856|22 Recep 1449
20271221|0632|0805|1252|1509|1729|1857|23 Recep 1449
20271222|0633|0806|1253|1509|1729|1857|24 Recep 1449
20271223|0633|0806|1253|1509|1730|1858|25 Recep 1449
20271224|0634|0807|1254|1510|1731|1858|26 Recep 1449
20271225|0634|0807|1254|1511|1731|1859|27 Recep 1449
20271226|0634|0808|1255|1511|1732|1859|28 Recep 1449
20271227|0635|0808|1255|1512|1732|1900|29 Recep 1449
20271228|0635|0808|1256|1512|1733|1901|30 Recep 1449
20271229|0635|0809|1256|1513|1734|1901|1 Şaban 1449
20271230|0636|0809|1257|1514|1735|1902|2 Şaban 1449
20271231|0636|0809|1257|1515|1735|1903|3 Şaban 1449
