# diyanet | surum=diyanet-2026-10-03.1 | il=BAYBURT | yerlesim=3 | 2026-10-03..2027-12-31
#@9294|Aydıntepe|BAYBURT|396
20261003|0447|0610|1214|1530|1807|1925|22 Rebiulahir 1448
20261004|0448|0611|1213|1529|1805|1923|23 Rebiulahir 1448
20261005|0449|0613|1213|1527|1804|1922|24 Rebiulahir 1448
20261006|0450|0614|1213|1526|1802|1920|25 Rebiulahir 1448
20261007|0451|0615|1212|1525|1800|1918|26 Rebiulahir 1448
20261008|0452|0616|1212|1524|1759|1917|27 Rebiulahir 1448
20261009|0453|0617|1212|1523|1757|1915|28 Rebiulahir 1448
20261010|0454|0618|1212|1522|1756|1914|29 Rebiulahir 1448
20261011|0455|0619|1211|1520|1754|1912|30 Rebiulahir 1448
20261012|0456|0620|1211|1519|1752|1911|1 Cemaziyelevvel 1448
20261013|0457|0621|1211|1518|1751|1909|2 Cemaziyelevvel 1448
20261014|0458|0622|1211|1517|1749|1908|3 Cemaziyelevvel 1448
20261015|0459|0623|1210|1516|1748|1906|4 Cemaziyelevvel 1448
20261016|0500|0624|1210|1515|1746|1905|5 Cemaziyelevvel 1448
20261017|0501|0625|1210|1513|1745|1903|6 Cemaziyelevvel 1448
20261018|0502|0626|1210|1512|1743|1902|7 Cemaziyelevvel 1448
20261019|0503|0627|1209|1511|1742|1900|8 Cemaziyelevvel 1448
20261020|0504|0628|1209|1510|1740|1859|9 Cemaziyelevvel 1448
20261021|0505|0629|1209|1509|1739|1858|10 Cemaziyelevvel 1448
20261022|0506|0630|1209|1508|1738|1856|11 Cemaziyelevvel 1448
20261023|0508|0632|1209|1507|1736|1855|12 Cemaziyelevvel 1448
20261024|0509|0633|1209|1506|1735|1854|13 Cemaziyelevvel 1448
20261025|0510|0634|1209|1504|1733|1852|14 Cemaziyelevvel 1448
20261026|0511|0635|1208|1503|1732|1851|15 Cemaziyelevvel 1448
20261027|0512|0636|1208|1502|1731|1850|16 Cemaziyelevvel 1448
20261028|0513|0637|1208|1501|1729|1849|17 Cemaziyelevvel 1448
20261029|0514|0638|1208|1500|1728|1848|18 Cemaziyelevvel 1448
20261030|0515|0639|1208|1459|1727|1846|19 Cemaziyelevvel 1448
20261031|0516|0641|1208|1458|1726|1845|20 Cemaziyelevvel 1448
20261101|0517|0642|1208|1457|1724|1844|21 Cemaziyelevvel 1448
20261102|0518|0643|1208|1456|1723|1843|22 Cemaziyelevvel 1448
20270101|0605|0735|1228|1449|1710|1835|23 Recep 1448
20270102|0605|0736|1228|1450|1711|1836|24 Recep 1448
20270103|0605|0736|1229|1451|1712|1837|25 Recep 1448
20270104|0605|0736|1229|1452|1712|1838|26 Recep 1448
20270105|0605|0736|1229|1452|1713|1838|27 Recep 1448
20270106|0605|0736|1230|1453|1714|1839|28 Recep 1448
20270107|0605|0736|1230|1454|1715|1840|29 Recep 1448
20270108|0605|0735|1231|1455|1716|1841|30 Recep 1448
20270109|0605|0735|1231|1456|1717|1842|1 Şaban 1448
20270110|0605|0735|1232|1457|1718|1843|2 Şaban 1448
20270111|0605|0735|1232|1458|1719|1844|3 Şaban 1448
20270112|0605|0735|1232|1459|1720|1845|4 Şaban 1448
20270113|0605|0734|1233|1500|1721|1845|5 Şaban 1448
20270114|0605|0734|1233|1500|1722|1846|6 Şaban 1448
20270115|0604|0734|1234|1501|1723|1847|7 Şaban 1448
20270116|0604|0733|1234|1502|1725|1848|8 Şaban 1448
20270117|0604|0733|1234|1503|1726|1849|9 Şaban 1448
20270118|0604|0732|1235|1504|1727|1850|10 Şaban 1448
20270119|0603|0732|1235|1505|1728|1851|11 Şaban 1448
20270120|0603|0731|1235|1506|1729|1852|12 Şaban 1448
20270121|0602|0731|1236|1507|1730|1853|13 Şaban 1448
20270122|0602|0730|1236|1508|1731|1854|14 Şaban 1448
20270123|0602|0730|1236|1509|1733|1855|15 Şaban 1448
20270124|0601|0729|1236|1511|1734|1856|16 Şaban 1448
20270125|0601|0728|1237|1512|1735|1857|17 Şaban 1448
20270126|0600|0727|1237|1513|1736|1858|18 Şaban 1448
20270127|0559|0727|1237|1514|1737|1859|19 Şaban 1448
20270128|0559|0726|1237|1515|1739|1900|20 Şaban 1448
20270129|0558|0725|1237|1516|1740|1901|21 Şaban 1448
20270130|0557|0724|1238|1517|1741|1903|22 Şaban 1448
20270131|0557|0723|1238|1518|1742|1904|23 Şaban 1448
20270201|0556|0722|1238|1519|1743|1905|24 Şaban 1448
20270202|0555|0721|1238|1520|1745|1906|25 Şaban 1448
20270203|0554|0720|1238|1521|1746|1907|26 Şaban 1448
20270204|0553|0719|1238|1522|1747|1908|27 Şaban 1448
20270205|0552|0718|1238|1523|1748|1909|28 Şaban 1448
20270206|0552|0717|1238|1524|1750|1910|29 Şaban 1448
20270207|0551|0716|1238|1525|1751|1911|30 Şaban 1448
20270208|0550|0715|1239|1526|1752|1912|1 Ramazan 1448
20270209|0549|0714|1239|1527|1753|1913|2 Ramazan 1448
20270210|0548|0713|1239|1528|1754|1914|3 Ramazan 1448
20270211|0547|0712|1239|1529|1756|1915|4 Ramazan 1448
20270212|0546|0710|1239|1530|1757|1916|5 Ramazan 1448
20270213|0544|0709|1239|1530|1758|1918|6 Ramazan 1448
20270214|0543|0708|1239|1531|1759|1919|7 Ramazan 1448
20270215|0542|0707|1239|1532|1800|1920|8 Ramazan 1448
20270216|0541|0705|1239|1533|1802|1921|9 Ramazan 1448
20270217|0540|0704|1238|1534|1803|1922|10 Ramazan 1448
20270218|0539|0703|1238|1535|1804|1923|11 Ramazan 1448
20270219|0537|0701|1238|1536|1805|1924|12 Ramazan 1448
20270220|0536|0700|1238|1537|1806|1925|13 Ramazan 1448
20270221|0535|0659|1238|1538|1808|1926|14 Ramazan 1448
20270222|0533|0657|1238|1538|1809|1927|15 Ramazan 1448
20270223|0532|0656|1238|1539|1810|1928|16 Ramazan 1448
20270224|0531|0654|1238|1540|1811|1929|17 Ramazan 1448
20270225|0529|0653|1238|1541|1812|1931|18 Ramazan 1448
20270226|0528|0652|1237|1542|1813|1932|19 Ramazan 1448
20270227|0527|0650|1237|1542|1814|1933|20 Ramazan 1448
20270228|0525|0649|1237|1543|1816|1934|21 Ramazan 1448
20270301|0524|0647|1237|1544|1817|1935|22 Ramazan 1448
20270302|0522|0646|1237|1545|1818|1936|23 Ramazan 1448
20270303|0521|0644|1236|1545|1819|1937|24 Ramazan 1448
20270304|0519|0642|1236|1546|1820|1938|25 Ramazan 1448
20270305|0518|0641|1236|1547|1821|1939|26 Ramazan 1448
20270306|0516|0639|1236|1548|1822|1940|27 Ramazan 1448
20270307|0514|0638|1236|1548|1823|1942|28 Ramazan 1448
20270308|0513|0636|1235|1549|1825|1943|29 Ramazan 1448
20270309|0511|0635|1235|1550|1826|1944|1 Şevval 1448
20270310|0510|0633|1235|1550|1827|1945|2 Şevval 1448
20270311|0508|0631|1235|1551|1828|1946|3 Şevval 1448
20270312|0506|0630|1234|1551|1829|1947|4 Şevval 1448
20270313|0505|0628|1234|1552|1830|1948|5 Şevval 1448
20270314|0503|0627|1234|1553|1831|1949|6 Şevval 1448
20270315|0501|0625|1234|1553|1832|1950|7 Şevval 1448
20270316|0500|0623|1233|1554|1833|1952|8 Şevval 1448
20270317|0458|0622|1233|1554|1834|1953|9 Şevval 1448
20270318|0456|0620|1233|1555|1835|1954|10 Şevval 1448
20270319|0454|0619|1232|1555|1836|1955|11 Şevval 1448
20270320|0453|0617|1232|1556|1837|1956|12 Şevval 1448
20270321|0451|0615|1232|1557|1838|1957|13 Şevval 1448
20270322|0449|0614|1232|1557|1839|1958|14 Şevval 1448
20270323|0447|0612|1231|1558|1840|2000|15 Şevval 1448
20270324|0446|0610|1231|1558|1842|2001|16 Şevval 1448
20270325|0444|0609|1231|1558|1843|2002|17 Şevval 1448
20270326|0442|0607|1230|1559|1844|2003|18 Şevval 1448
20270327|0440|0605|1230|1559|1845|2004|19 Şevval 1448
20270328|0438|0604|1230|1600|1846|2006|20 Şevval 1448
20270329|0436|0602|1229|1600|1847|2007|21 Şevval 1448
20270330|0435|0600|1229|1601|1848|2008|22 Şevval 1448
20270331|0433|0559|1229|1601|1849|2009|23 Şevval 1448
20270401|0431|0557|1229|1602|1850|2010|24 Şevval 1448
20270402|0429|0556|1228|1602|1851|2012|25 Şevval 1448
20270403|0427|0554|1228|1602|1852|2013|26 Şevval 1448
20270404|0425|0552|1228|1603|1853|2014|27 Şevval 1448
20270405|0423|0551|1227|1603|1854|2015|28 Şevval 1448
20270406|0422|0549|1227|1604|1855|2017|29 Şevval 1448
20270407|0420|0548|1227|1604|1856|2018|30 Şevval 1448
20270408|0418|0546|1226|1604|1857|2019|1 Zilkade 1448
20270409|0416|0544|1226|1605|1858|2021|2 Zilkade 1448
20270410|0414|0543|1226|1605|1859|2022|3 Zilkade 1448
20270411|0412|0541|1226|1605|1900|2023|4 Zilkade 1448
20270412|0410|0540|1225|1606|1901|2025|5 Zilkade 1448
20270413|0408|0538|1225|1606|1902|2026|6 Zilkade 1448
20270414|0407|0537|1225|1606|1903|2027|7 Zilkade 1448
20270415|0405|0535|1225|1607|1904|2029|8 Zilkade 1448
20270416|0403|0534|1224|1607|1905|2030|9 Zilkade 1448
20270417|0401|0532|1224|1607|1906|2031|10 Zilkade 1448
20270418|0359|0531|1224|1608|1907|2033|11 Zilkade 1448
20270419|0357|0529|1224|1608|1908|2034|12 Zilkade 1448
20270420|0355|0528|1223|1608|1909|2035|13 Zilkade 1448
20270421|0354|0526|1223|1608|1910|2037|14 Zilkade 1448
20270422|0352|0525|1223|1609|1912|2038|15 Zilkade 1448
20270423|0350|0523|1223|1609|1913|2040|16 Zilkade 1448
20270424|0348|0522|1223|1609|1914|2041|17 Zilkade 1448
20270425|0346|0520|1223|1610|1915|2042|18 Zilkade 1448
20270426|0344|0519|1222|1610|1916|2044|19 Zilkade 1448
20270427|0343|0518|1222|1610|1917|2045|20 Zilkade 1448
20270428|0341|0516|1222|1610|1918|2047|21 Zilkade 1448
20270429|0339|0515|1222|1611|1919|2048|22 Zilkade 1448
20270430|0337|0514|1222|1611|1920|2050|23 Zilkade 1448
20270501|0335|0512|1222|1611|1921|2051|24 Zilkade 1448
20270502|0334|0511|1222|1611|1922|2053|25 Zilkade 1448
20270503|0332|0510|1221|1612|1923|2054|26 Zilkade 1448
20270504|0330|0509|1221|1612|1924|2056|27 Zilkade 1448
20270505|0328|0508|1221|1612|1925|2057|28 Zilkade 1448
20270506|0327|0506|1221|1613|1926|2059|29 Zilkade 1448
20270507|0325|0505|1221|1613|1927|2100|1 Zilhicce 1448
20270508|0323|0504|1221|1613|1928|2101|2 Zilhicce 1448
20270509|0322|0503|1221|1613|1929|2103|3 Zilhicce 1448
20270510|0320|0502|1221|1614|1930|2104|4 Zilhicce 1448
20270511|0319|0501|1221|1614|1931|2106|5 Zilhicce 1448
20270512|0317|0500|1221|1614|1932|2107|6 Zilhicce 1448
20270513|0315|0459|1221|1614|1933|2109|7 Zilhicce 1448
20270514|0314|0458|1221|1615|1934|2110|8 Zilhicce 1448
20270515|0312|0457|1221|1615|1935|2112|9 Zilhicce 1448
20270516|0311|0456|1221|1615|1936|2113|10 Zilhicce 1448
20270517|0310|0455|1221|1615|1937|2115|11 Zilhicce 1448
20270518|0308|0454|1221|1616|1938|2116|12 Zilhicce 1448
20270519|0307|0453|1221|1616|1939|2117|13 Zilhicce 1448
20270520|0305|0452|1221|1616|1940|2119|14 Zilhicce 1448
20270521|0304|0452|1221|1617|1940|2120|15 Zilhicce 1448
20270522|0303|0451|1221|1617|1941|2122|16 Zilhicce 1448
20270523|0301|0450|1221|1617|1942|2123|17 Zilhicce 1448
20270524|0300|0449|1221|1617|1943|2124|18 Zilhicce 1448
20270525|0259|0449|1221|1618|1944|2126|19 Zilhicce 1448
20270526|0258|0448|1221|1618|1945|2127|20 Zilhicce 1448
20270527|0257|0447|1222|1618|1946|2128|21 Zilhicce 1448
20270528|0256|0447|1222|1618|1947|2129|22 Zilhicce 1448
20270529|0255|0446|1222|1619|1947|2131|23 Zilhicce 1448
20270530|0254|0446|1222|1619|1948|2132|24 Zilhicce 1448
20270531|0253|0445|1222|1619|1949|2133|25 Zilhicce 1448
20270601|0252|0445|1222|1620|1950|2134|26 Zilhicce 1448
20270602|0251|0444|1222|1620|1950|2135|27 Zilhicce 1448
20270603|0250|0444|1222|1620|1951|2136|28 Zilhicce 1448
20270604|0249|0444|1223|1620|1952|2137|29 Zilhicce 1448
20270605|0249|0443|1223|1621|1952|2138|30 Zilhicce 1448
20270606|0248|0443|1223|1621|1953|2139|1 Muharrem 1449
20270607|0247|0443|1223|1621|1954|2140|2 Muharrem 1449
20270608|0247|0442|1223|1621|1954|2141|3 Muharrem 1449
20270609|0246|0442|1224|1622|1955|2142|4 Muharrem 1449
20270610|0246|0442|1224|1622|1955|2143|5 Muharrem 1449
20270611|0245|0442|1224|1622|1956|2144|6 Muharrem 1449
20270612|0245|0442|1224|1623|1956|2144|7 Muharrem 1449
20270613|0245|0442|1224|1623|1957|2145|8 Muharrem 1449
20270614|0244|0442|1225|1623|1957|2146|9 Muharrem 1449
20270615|0244|0442|1225|1623|1958|2146|10 Muharrem 1449
20270616|0244|0442|1225|1624|1958|2147|11 Muharrem 1449
20270617|0244|0442|1225|1624|1959|2147|12 Muharrem 1449
20270618|0244|0442|1225|1624|1959|2148|13 Muharrem 1449
20270619|0244|0442|1226|1624|1959|2148|14 Muharrem 1449
20270620|0244|0442|1226|1624|2000|2148|15 Muharrem 1449
20270621|0244|0442|1226|1625|2000|2149|16 Muharrem 1449
20270622|0245|0443|1226|1625|2000|2149|17 Muharrem 1449
20270623|0245|0443|1227|1625|2000|2149|18 Muharrem 1449
20270624|0245|0443|1227|1625|2000|2149|19 Muharrem 1449
20270625|0246|0443|1227|1626|2001|2149|20 Muharrem 1449
20270626|0246|0444|1227|1626|2001|2149|21 Muharrem 1449
20270627|0247|0444|1227|1626|2001|2149|22 Muharrem 1449
20270628|0247|0445|1228|1626|2001|2149|23 Muharrem 1449
20270629|0248|0445|1228|1626|2001|2149|24 Muharrem 1449
20270630|0248|0445|1228|1626|2001|2149|25 Muharrem 1449
20270701|0249|0446|1228|1627|2001|2149|26 Muharrem 1449
20270702|0250|0446|1228|1627|2000|2148|27 Muharrem 1449
20270703|0250|0447|1229|1627|2000|2148|28 Muharrem 1449
20270704|0251|0447|1229|1627|2000|2147|29 Muharrem 1449
20270705|0252|0448|1229|1627|2000|2147|1 Safer 1449
20270706|0253|0449|1229|1627|2000|2146|2 Safer 1449
20270707|0254|0449|1229|1627|1959|2146|3 Safer 1449
20270708|0255|0450|1229|1627|1959|2145|4 Safer 1449
20270709|0256|0450|1230|1627|1959|2145|5 Safer 1449
20270710|0257|0451|1230|1627|1958|2144|6 Safer 1449
20270711|0258|0452|1230|1627|1958|2143|7 Safer 1449
20270712|0259|0452|1230|1627|1958|2142|8 Safer 1449
20270713|0301|0453|1230|1627|1957|2141|9 Safer 1449
20270714|0302|0454|1230|1627|1957|2140|10 Safer 1449
20270715|0303|0455|1230|1627|1956|2140|11 Safer 1449
20270716|0304|0455|1230|1627|1956|2139|12 Safer 1449
20270717|0305|0456|1231|1627|1955|2138|13 Safer 1449
20270718|0307|0457|1231|1627|1954|2136|14 Safer 1449
20270719|0308|0458|1231|1627|1954|2135|15 Safer 1449
20270720|0309|0459|1231|1627|1953|2134|16 Safer 1449
20270721|0311|0500|1231|1627|1952|2133|17 Safer 1449
20270722|0312|0500|1231|1627|1951|2132|18 Safer 1449
20270723|0314|0501|1231|1627|1951|2131|19 Safer 1449
20270724|0315|0502|1231|1626|1950|2129|20 Safer 1449
20270725|0316|0503|1231|1626|1949|2128|21 Safer 1449
20270726|0318|0504|1231|1626|1948|2127|22 Safer 1449
20270727|0319|0505|1231|1626|1947|2125|23 Safer 1449
20270728|0321|0506|1231|1625|1946|2124|24 Safer 1449
20270729|0322|0507|1231|1625|1945|2122|25 Safer 1449
20270730|0324|0508|1231|1625|1944|2121|26 Safer 1449
20270731|0325|0508|1231|1625|1943|2119|27 Safer 1449
20270801|0326|0509|1231|1624|1942|2118|28 Safer 1449
20270802|0328|0510|1231|1624|1941|2116|29 Safer 1449
20270803|0329|0511|1231|1624|1940|2115|1 Rebiulevvel 1449
20270804|0331|0512|1231|1623|1939|2113|2 Rebiulevvel 1449
20270805|0332|0513|1231|1623|1938|2112|3 Rebiulevvel 1449
20270806|0334|0514|1230|1622|1937|2110|4 Rebiulevvel 1449
20270807|0335|0515|1230|1622|1936|2108|5 Rebiulevvel 1449
20270808|0337|0516|1230|1621|1934|2107|6 Rebiulevvel 1449
20270809|0338|0517|1230|1621|1933|2105|7 Rebiulevvel 1449
20270810|0340|0518|1230|1620|1932|2103|8 Rebiulevvel 1449
20270811|0341|0519|1230|1620|1931|2102|9 Rebiulevvel 1449
20270812|0343|0520|1230|1619|1929|2100|10 Rebiulevvel 1449
20270813|0344|0521|1229|1619|1928|2058|11 Rebiulevvel 1449
20270814|0345|0522|1229|1618|1927|2056|12 Rebiulevvel 1449
20270815|0347|0523|1229|1618|1925|2055|13 Rebiulevvel 1449
20270816|0348|0524|1229|1617|1924|2053|14 Rebiulevvel 1449
20270817|0350|0525|1229|1616|1923|2051|15 Rebiulevvel 1449
20270818|0351|0526|1228|1616|1921|2049|16 Rebiulevvel 1449
20270819|0353|0527|1228|1615|1920|2048|17 Rebiulevvel 1449
20270820|0354|0528|1228|1614|1918|2046|18 Rebiulevvel 1449
20270821|0355|0529|1228|1614|1917|2044|19 Rebiulevvel 1449
20270822|0357|0530|1228|1613|1915|2042|20 Rebiulevvel 1449
20270823|0358|0531|1227|1612|1914|2040|21 Rebiulevvel 1449
20270824|0359|0532|1227|1611|1913|2038|22 Rebiulevvel 1449
20270825|0401|0533|1227|1611|1911|2037|23 Rebiulevvel 1449
20270826|0402|0533|1226|1610|1909|2035|24 Rebiulevvel 1449
20270827|0403|0534|1226|1609|1908|2033|25 Rebiulevvel 1449
20270828|0405|0535|1226|1608|1906|2031|26 Rebiulevvel 1449
20270829|0406|0536|1226|1607|1905|2029|27 Rebiulevvel 1449
20270830|0407|0537|1225|1607|1903|2027|28 Rebiulevvel 1449
20270831|0409|0538|1225|1606|1902|2025|29 Rebiulevvel 1449
20270901|0410|0539|1225|1605|1900|2023|30 Rebiulevvel 1449
20270902|0411|0540|1224|1604|1859|2022|1 Rebiulahir 1449
20270903|0413|0541|1224|1603|1857|2020|2 Rebiulahir 1449
20270904|0414|0542|1224|1602|1855|2018|3 Rebiulahir 1449
20270905|0415|0543|1223|1601|1854|2016|4 Rebiulahir 1449
20270906|0416|0544|1223|1600|1852|2014|5 Rebiulahir 1449
20270907|0417|0545|1223|1559|1850|2012|6 Rebiulahir 1449
20270908|0419|0546|1222|1558|1849|2010|7 Rebiulahir 1449
20270909|0420|0547|1222|1557|1847|2008|8 Rebiulahir 1449
20270910|0421|0548|1222|1556|1846|2007|9 Rebiulahir 1449
20270911|0422|0549|1221|1555|1844|2005|10 Rebiulahir 1449
20270912|0423|0550|1221|1554|1842|2003|11 Rebiulahir 1449
20270913|0425|0551|1221|1553|1841|2001|12 Rebiulahir 1449
20270914|0426|0552|1220|1552|1839|1959|13 Rebiulahir 1449
20270915|0427|0553|1220|1551|1837|1957|14 Rebiulahir 1449
20270916|0428|0554|1220|1550|1836|1955|15 Rebiulahir 1449
20270917|0429|0555|1219|1549|1834|1954|16 Rebiulahir 1449
20270918|0430|0556|1219|1547|1832|1952|17 Rebiulahir 1449
20270919|0432|0556|1218|1546|1830|1950|18 Rebiulahir 1449
20270920|0433|0557|1218|1545|1829|1948|19 Rebiulahir 1449
20270921|0434|0558|1218|1544|1827|1946|20 Rebiulahir 1449
20270922|0435|0559|1217|1543|1825|1945|21 Rebiulahir 1449
20270923|0436|0600|1217|1542|1824|1943|22 Rebiulahir 1449
20270924|0437|0601|1217|1541|1822|1941|23 Rebiulahir 1449
20270925|0438|0602|1216|1540|1820|1939|24 Rebiulahir 1449
20270926|0439|0603|1216|1538|1819|1937|25 Rebiulahir 1449
20270927|0440|0604|1216|1537|1817|1936|26 Rebiulahir 1449
20270928|0441|0605|1215|1536|1815|1934|27 Rebiulahir 1449
20270929|0442|0606|1215|1535|1814|1932|28 Rebiulahir 1449
20270930|0444|0607|1215|1534|1812|1930|29 Rebiulahir 1449
20271001|0445|0608|1214|1532|1810|1929|1 Cemaziyelevvel 1449
20271002|0446|0609|1214|1531|1809|1927|2 Cemaziyelevvel 1449
20271003|0447|0610|1214|1530|1807|1925|3 Cemaziyelevvel 1449
20271004|0448|0611|1213|1529|1806|1924|4 Cemaziyelevvel 1449
20271005|0449|0612|1213|1528|1804|1922|5 Cemaziyelevvel 1449
20271006|0450|0613|1213|1527|1802|1920|6 Cemaziyelevvel 1449
20271007|0451|0614|1212|1525|1801|1919|7 Cemaziyelevvel 1449
20271008|0452|0615|1212|1524|1759|1917|8 Cemaziyelevvel 1449
20271009|0453|0616|1212|1523|1757|1916|9 Cemaziyelevvel 1449
20271010|0454|0617|1212|1522|1756|1914|10 Cemaziyelevvel 1449
20271011|0455|0618|1211|1521|1754|1912|11 Cemaziyelevvel 1449
20271012|0456|0619|1211|1519|1753|1911|12 Cemaziyelevvel 1449
20271013|0457|0621|1211|1518|1751|1909|13 Cemaziyelevvel 1449
20271014|0458|0622|1211|1517|1750|1908|14 Cemaziyelevvel 1449
20271015|0459|0623|1210|1516|1748|1906|15 Cemaziyelevvel 1449
20271016|0500|0624|1210|1515|1747|1905|16 Cemaziyelevvel 1449
20271017|0501|0625|1210|1514|1745|1903|17 Cemaziyelevvel 1449
20271018|0502|0626|1210|1512|1744|1902|18 Cemaziyelevvel 1449
20271019|0503|0627|1210|1511|1742|1901|19 Cemaziyelevvel 1449
20271020|0504|0628|1209|1510|1741|1859|20 Cemaziyelevvel 1449
20271021|0505|0629|1209|1509|1739|1858|21 Cemaziyelevvel 1449
20271022|0506|0630|1209|1508|1738|1857|22 Cemaziyelevvel 1449
20271023|0507|0631|1209|1507|1736|1855|23 Cemaziyelevvel 1449
20271024|0508|0632|1209|1506|1735|1854|24 Cemaziyelevvel 1449
20271025|0509|0634|1209|1505|1734|1853|25 Cemaziyelevvel 1449
20271026|0510|0635|1208|1504|1732|1851|26 Cemaziyelevvel 1449
20271027|0511|0636|1208|1503|1731|1850|27 Cemaziyelevvel 1449
20271028|0512|0637|1208|1502|1730|1849|28 Cemaziyelevvel 1449
20271029|0513|0638|1208|1501|1728|1848|29 Cemaziyelevvel 1449
20271030|0514|0639|1208|1500|1727|1847|30 Cemaziyelevvel 1449
20271031|0515|0640|1208|1459|1726|1846|1 Cemaziyelahir 1449
20271101|0516|0641|1208|1458|1725|1844|2 Cemaziyelahir 1449
20271102|0517|0643|1208|1457|1723|1843|3 Cemaziyelahir 1449
20271103|0518|0644|1208|1456|1722|1842|4 Cemaziyelahir 1449
20271104|0519|0645|1208|1455|1721|1841|5 Cemaziyelahir 1449
20271105|0520|0646|1208|1454|1720|1840|6 Cemaziyelahir 1449
20271106|0521|0647|1208|1453|1719|1839|7 Cemaziyelahir 1449
20271107|0523|0648|1208|1452|1718|1838|8 Cemaziyelahir 1449
20271108|0524|0650|1208|1451|1717|1837|9 Cemaziyelahir 1449
20271109|0525|0651|1208|1451|1716|1837|10 Cemaziyelahir 1449
20271110|0526|0652|1208|1450|1715|1836|11 Cemaziyelahir 1449
20271111|0527|0653|1208|1449|1714|1835|12 Cemaziyelahir 1449
20271112|0528|0654|1208|1448|1713|1834|13 Cemaziyelahir 1449
20271113|0529|0655|1209|1447|1712|1833|14 Cemaziyelahir 1449
20271114|0530|0657|1209|1447|1711|1833|15 Cemaziyelahir 1449
20271115|0531|0658|1209|1446|1710|1832|16 Cemaziyelahir 1449
20271116|0532|0659|1209|1445|1709|1831|17 Cemaziyelahir 1449
20271117|0533|0700|1209|1445|1708|1831|18 Cemaziyelahir 1449
20271118|0534|0701|1209|1444|1708|1830|19 Cemaziyelahir 1449
20271119|0534|0702|1210|1444|1707|1829|20 Cemaziyelahir 1449
20271120|0535|0703|1210|1443|1706|1829|21 Cemaziyelahir 1449
20271121|0536|0705|1210|1443|1706|1828|22 Cemaziyelahir 1449
20271122|0537|0706|1210|1442|1705|1828|23 Cemaziyelahir 1449
20271123|0538|0707|1211|1442|1704|1828|24 Cemaziyelahir 1449
20271124|0539|0708|1211|1441|1704|1827|25 Cemaziyelahir 1449
20271125|0540|0709|1211|1441|1703|1827|26 Cemaziyelahir 1449
20271126|0541|0710|1211|1441|1703|1826|27 Cemaziyelahir 1449
20271127|0542|0711|1212|1440|1702|1826|28 Cemaziyelahir 1449
20271128|0543|0712|1212|1440|1702|1826|29 Cemaziyelahir 1449
20271129|0544|0713|1212|1440|1702|1826|1 Recep 1449
20271130|0545|0714|1213|1439|1701|1825|2 Recep 1449
20271201|0546|0715|1213|1439|1701|1825|3 Recep 1449
20271202|0547|0716|1214|1439|1701|1825|4 Recep 1449
20271203|0547|0717|1214|1439|1700|1825|5 Recep 1449
20271204|0548|0718|1214|1439|1700|1825|6 Recep 1449
20271205|0549|0719|1215|1439|1700|1825|7 Recep 1449
20271206|0550|0720|1215|1439|1700|1825|8 Recep 1449
20271207|0551|0721|1216|1439|1700|1825|9 Recep 1449
20271208|0552|0722|1216|1439|1700|1825|10 Recep 1449
20271209|0552|0723|1216|1439|1700|1825|11 Recep 1449
20271210|0553|0724|1217|1439|1700|1825|12 Recep 1449
20271211|0554|0725|1217|1439|1700|1825|13 Recep 1449
20271212|0555|0726|1218|1439|1700|1825|14 Recep 1449
20271213|0555|0726|1218|1439|1700|1826|15 Recep 1449
20271214|0556|0727|1219|1440|1700|1826|16 Recep 1449
20271215|0557|0728|1219|1440|1701|1826|17 Recep 1449
20271216|0557|0729|1220|1440|1701|1827|18 Recep 1449
20271217|0558|0729|1220|1441|1701|1827|19 Recep 1449
20271218|0559|0730|1221|1441|1702|1827|20 Recep 1449
20271219|0559|0730|1221|1441|1702|1828|21 Recep 1449
20271220|0600|0731|1222|1442|1702|1828|22 Recep 1449
20271221|0600|0732|1222|1442|1703|1829|23 Recep 1449
20271222|0601|0732|1223|1443|1703|1829|24 Recep 1449
20271223|0601|0733|1223|1443|1704|1830|25 Recep 1449
20271224|0602|0733|1224|1444|1704|1830|26 Recep 1449
20271225|0602|0733|1224|1444|1705|1831|27 Recep 1449
20271226|0603|0734|1225|1445|1705|1831|28 Recep 1449
20271227|0603|0734|1225|1445|1706|1832|29 Recep 1449
20271228|0603|0734|1226|1446|1707|1832|30 Recep 1449
20271229|0604|0735|1226|1447|1707|1833|1 Şaban 1449
20271230|0604|0735|1227|1447|1708|1834|2 Şaban 1449
20271231|0604|0735|1227|1448|1709|1834|3 Şaban 1449
#@9295|Bayburt|BAYBURT|396
20261003|0447|0610|1213|1530|1806|1925|22 Rebiulahir 1448
20261004|0448|0611|1213|1528|1805|1923|23 Rebiulahir 1448
20261005|0449|0612|1213|1527|1803|1921|24 Rebiulahir 1448
20261006|0450|0613|1212|1526|1802|1920|25 Rebiulahir 1448
20261007|0451|0614|1212|1525|1800|1918|26 Rebiulahir 1448
20261008|0452|0615|1212|1524|1758|1916|27 Rebiulahir 1448
20261009|0453|0616|1212|1523|1757|1915|28 Rebiulahir 1448
20261010|0454|0617|1211|1521|1755|1913|29 Rebiulahir 1448
20261011|0455|0618|1211|1520|1754|1912|30 Rebiulahir 1448
20261012|0456|0619|1211|1519|1752|1910|1 Cemaziyelevvel 1448
20261013|0457|0620|1210|1518|1751|1909|2 Cemaziyelevvel 1448
20261014|0458|0621|1210|1517|1749|1907|3 Cemaziyelevvel 1448
20261015|0459|0622|1210|1516|1748|1906|4 Cemaziyelevvel 1448
20261016|0500|0624|1210|1514|1746|1904|5 Cemaziyelevvel 1448
20261017|0501|0625|1210|1513|1745|1903|6 Cemaziyelevvel 1448
20261018|0502|0626|1209|1512|1743|1901|7 Cemaziyelevvel 1448
20261019|0503|0627|1209|1511|1742|1900|8 Cemaziyelevvel 1448
20261020|0504|0628|1209|1510|1740|1859|9 Cemaziyelevvel 1448
20261021|0505|0629|1209|1509|1739|1857|10 Cemaziyelevvel 1448
20261022|0506|0630|1209|1508|1737|1856|11 Cemaziyelevvel 1448
20261023|0507|0631|1209|1507|1736|1855|12 Cemaziyelevvel 1448
20261024|0508|0632|1208|1505|1735|1853|13 Cemaziyelevvel 1448
20261025|0509|0633|1208|1504|1733|1852|14 Cemaziyelevvel 1448
20261026|0510|0634|1208|1503|1732|1851|15 Cemaziyelevvel 1448
20261027|0511|0636|1208|1502|1731|1850|16 Cemaziyelevvel 1448
20261028|0512|0637|1208|1501|1729|1848|17 Cemaziyelevvel 1448
20261029|0513|0638|1208|1500|1728|1847|18 Cemaziyelevvel 1448
20261030|0514|0639|1208|1459|1727|1846|19 Cemaziyelevvel 1448
20261031|0515|0640|1208|1458|1725|1845|20 Cemaziyelevvel 1448
20261101|0516|0641|1208|1457|1724|1844|21 Cemaziyelevvel 1448
20261102|0517|0642|1208|1456|1723|1843|22 Cemaziyelevvel 1448
20270101|0604|0735|1227|1449|1710|1835|23 Recep 1448
20270102|0604|0735|1228|1450|1711|1836|24 Recep 1448
20270103|0604|0735|1228|1451|1712|1837|25 Recep 1448
20270104|0605|0735|1229|1452|1713|1838|26 Recep 1448
20270105|0605|0735|1229|1452|1713|1838|27 Recep 1448
20270106|0605|0735|1230|1453|1714|1839|28 Recep 1448
20270107|0605|0735|1230|1454|1715|1840|29 Recep 1448
20270108|0605|0735|1230|1455|1716|1841|30 Recep 1448
20270109|0605|0735|1231|1456|1717|1842|1 Şaban 1448
20270110|0605|0734|1231|1457|1718|1843|2 Şaban 1448
20270111|0605|0734|1232|1458|1719|1843|3 Şaban 1448
20270112|0605|0734|1232|1459|1720|1844|4 Şaban 1448
20270113|0604|0734|1233|1500|1721|1845|5 Şaban 1448
20270114|0604|0733|1233|1501|1722|1846|6 Şaban 1448
20270115|0604|0733|1233|1501|1724|1847|7 Şaban 1448
20270116|0604|0733|1234|1502|1725|1848|8 Şaban 1448
20270117|0603|0732|1234|1503|1726|1849|9 Şaban 1448
20270118|0603|0732|1234|1504|1727|1850|10 Şaban 1448
20270119|0603|0731|1235|1505|1728|1851|11 Şaban 1448
20270120|0602|0731|1235|1506|1729|1852|12 Şaban 1448
20270121|0602|0730|1235|1507|1730|1853|13 Şaban 1448
20270122|0602|0730|1235|1508|1731|1854|14 Şaban 1448
20270123|0601|0729|1236|1509|1733|1855|15 Şaban 1448
20270124|0601|0728|1236|1511|1734|1856|16 Şaban 1448
20270125|0600|0728|1236|1512|1735|1857|17 Şaban 1448
20270126|0559|0727|1236|1513|1736|1858|18 Şaban 1448
20270127|0559|0726|1237|1514|1737|1859|19 Şaban 1448
20270128|0558|0725|1237|1515|1739|1900|20 Şaban 1448
20270129|0558|0724|1237|1516|1740|1901|21 Şaban 1448
20270130|0557|0724|1237|1517|1741|1902|22 Şaban 1448
20270131|0556|0723|1237|1518|1742|1903|23 Şaban 1448
20270201|0555|0722|1238|1519|1743|1904|24 Şaban 1448
20270202|0555|0721|1238|1520|1745|1906|25 Şaban 1448
20270203|0554|0720|1238|1521|1746|1907|26 Şaban 1448
20270204|0553|0719|1238|1522|1747|1908|27 Şaban 1448
20270205|0552|0718|1238|1523|1748|1909|28 Şaban 1448
20270206|0551|0717|1238|1524|1750|1910|29 Şaban 1448
20270207|0550|0716|1238|1525|1751|1911|30 Şaban 1448
20270208|0549|0715|1238|1526|1752|1912|1 Ramazan 1448
20270209|0548|0713|1238|1527|1753|1913|2 Ramazan 1448
20270210|0547|0712|1238|1528|1754|1914|3 Ramazan 1448
20270211|0546|0711|1238|1528|1756|1915|4 Ramazan 1448
20270212|0545|0710|1238|1529|1757|1916|5 Ramazan 1448
20270213|0544|0709|1238|1530|1758|1917|6 Ramazan 1448
20270214|0543|0707|1238|1531|1759|1918|7 Ramazan 1448
20270215|0542|0706|1238|1532|1800|1919|8 Ramazan 1448
20270216|0541|0705|1238|1533|1802|1920|9 Ramazan 1448
20270217|0539|0704|1238|1534|1803|1922|10 Ramazan 1448
20270218|0538|0702|1238|1535|1804|1923|11 Ramazan 1448
20270219|0537|0701|1238|1536|1805|1924|12 Ramazan 1448
20270220|0536|0700|1238|1537|1806|1925|13 Ramazan 1448
20270221|0534|0658|1238|1537|1807|1926|14 Ramazan 1448
20270222|0533|0657|1238|1538|1809|1927|15 Ramazan 1448
20270223|0532|0655|1238|1539|1810|1928|16 Ramazan 1448
20270224|0530|0654|1237|1540|1811|1929|17 Ramazan 1448
20270225|0529|0653|1237|1541|1812|1930|18 Ramazan 1448
20270226|0528|0651|1237|1541|1813|1931|19 Ramazan 1448
20270227|0526|0650|1237|1542|1814|1932|20 Ramazan 1448
20270228|0525|0648|1237|1543|1815|1933|21 Ramazan 1448
20270301|0523|0647|1237|1544|1817|1935|22 Ramazan 1448
20270302|0522|0645|1236|1545|1818|1936|23 Ramazan 1448
20270303|0520|0644|1236|1545|1819|1937|24 Ramazan 1448
20270304|0519|0642|1236|1546|1820|1938|25 Ramazan 1448
20270305|0517|0641|1236|1547|1821|1939|26 Ramazan 1448
20270306|0516|0639|1236|1547|1822|1940|27 Ramazan 1448
20270307|0514|0637|1235|1548|1823|1941|28 Ramazan 1448
20270308|0513|0636|1235|1549|1824|1942|29 Ramazan 1448
20270309|0511|0634|1235|1549|1825|1943|1 Şevval 1448
20270310|0509|0633|1235|1550|1826|1944|2 Şevval 1448
20270311|0508|0631|1234|1551|1827|1946|3 Şevval 1448
20270312|0506|0630|1234|1551|1829|1947|4 Şevval 1448
20270313|0504|0628|1234|1552|1830|1948|5 Şevval 1448
20270314|0503|0626|1233|1552|1831|1949|6 Şevval 1448
20270315|0501|0625|1233|1553|1832|1950|7 Şevval 1448
20270316|0459|0623|1233|1554|1833|1951|8 Şevval 1448
20270317|0458|0621|1233|1554|1834|1952|9 Şevval 1448
20270318|0456|0620|1232|1555|1835|1953|10 Şevval 1448
20270319|0454|0618|1232|1555|1836|1955|11 Şevval 1448
20270320|0452|0617|1232|1556|1837|1956|12 Şevval 1448
20270321|0451|0615|1231|1556|1838|1957|13 Şevval 1448
20270322|0449|0613|1231|1557|1839|1958|14 Şevval 1448
20270323|0447|0612|1231|1557|1840|1959|15 Şevval 1448
20270324|0445|0610|1231|1558|1841|2000|16 Şevval 1448
20270325|0444|0608|1230|1558|1842|2001|17 Şevval 1448
20270326|0442|0607|1230|1559|1843|2003|18 Şevval 1448
20270327|0440|0605|1230|1559|1844|2004|19 Şevval 1448
20270328|0438|0603|1229|1600|1845|2005|20 Şevval 1448
20270329|0436|0602|1229|1600|1846|2006|21 Şevval 1448
20270330|0435|0600|1229|1600|1847|2007|22 Şevval 1448
20270331|0433|0559|1228|1601|1848|2009|23 Şevval 1448
20270401|0431|0557|1228|1601|1849|2010|24 Şevval 1448
20270402|0429|0555|1228|1602|1850|2011|25 Şevval 1448
20270403|0427|0554|1228|1602|1851|2012|26 Şevval 1448
20270404|0425|0552|1227|1602|1853|2014|27 Şevval 1448
20270405|0423|0551|1227|1603|1854|2015|28 Şevval 1448
20270406|0422|0549|1227|1603|1855|2016|29 Şevval 1448
20270407|0420|0547|1226|1604|1856|2017|30 Şevval 1448
20270408|0418|0546|1226|1604|1857|2019|1 Zilkade 1448
20270409|0416|0544|1226|1604|1858|2020|2 Zilkade 1448
20270410|0414|0543|1226|1605|1859|2021|3 Zilkade 1448
20270411|0412|0541|1225|1605|1900|2023|4 Zilkade 1448
20270412|0410|0539|1225|1605|1901|2024|5 Zilkade 1448
20270413|0409|0538|1225|1606|1902|2025|6 Zilkade 1448
20270414|0407|0536|1225|1606|1903|2027|7 Zilkade 1448
20270415|0405|0535|1224|1606|1904|2028|8 Zilkade 1448
20270416|0403|0533|1224|1607|1905|2029|9 Zilkade 1448
20270417|0401|0532|1224|1607|1906|2031|10 Zilkade 1448
20270418|0359|0530|1224|1607|1907|2032|11 Zilkade 1448
20270419|0357|0529|1223|1607|1908|2033|12 Zilkade 1448
20270420|0355|0527|1223|1608|1909|2035|13 Zilkade 1448
20270421|0354|0526|1223|1608|1910|2036|14 Zilkade 1448
20270422|0352|0525|1223|1608|1911|2037|15 Zilkade 1448
20270423|0350|0523|1223|1609|1912|2039|16 Zilkade 1448
20270424|0348|0522|1222|1609|1913|2040|17 Zilkade 1448
20270425|0346|0520|1222|1609|1914|2042|18 Zilkade 1448
20270426|0345|0519|1222|1609|1915|2043|19 Zilkade 1448
20270427|0343|0518|1222|1610|1916|2045|20 Zilkade 1448
20270428|0341|0516|1222|1610|1917|2046|21 Zilkade 1448
20270429|0339|0515|1222|1610|1918|2047|22 Zilkade 1448
20270430|0337|0514|1221|1610|1919|2049|23 Zilkade 1448
20270501|0336|0512|1221|1611|1920|2050|24 Zilkade 1448
20270502|0334|0511|1221|1611|1921|2052|25 Zilkade 1448
20270503|0332|0510|1221|1611|1922|2053|26 Zilkade 1448
20270504|0330|0509|1221|1612|1923|2055|27 Zilkade 1448
20270505|0329|0508|1221|1612|1924|2056|28 Zilkade 1448
20270506|0327|0506|1221|1612|1925|2058|29 Zilkade 1448
20270507|0325|0505|1221|1612|1926|2059|1 Zilhicce 1448
20270508|0324|0504|1221|1613|1927|2101|2 Zilhicce 1448
20270509|0322|0503|1221|1613|1928|2102|3 Zilhicce 1448
20270510|0321|0502|1221|1613|1929|2103|4 Zilhicce 1448
20270511|0319|0501|1221|1613|1930|2105|5 Zilhicce 1448
20270512|0317|0500|1220|1614|1931|2106|6 Zilhicce 1448
20270513|0316|0459|1220|1614|1932|2108|7 Zilhicce 1448
20270514|0314|0458|1220|1614|1933|2109|8 Zilhicce 1448
20270515|0313|0457|1220|1614|1934|2111|9 Zilhicce 1448
20270516|0311|0456|1220|1615|1935|2112|10 Zilhicce 1448
20270517|0310|0455|1221|1615|1936|2114|11 Zilhicce 1448
20270518|0309|0454|1221|1615|1937|2115|12 Zilhicce 1448
20270519|0307|0453|1221|1615|1938|2116|13 Zilhicce 1448
20270520|0306|0452|1221|1616|1939|2118|14 Zilhicce 1448
20270521|0304|0452|1221|1616|1940|2119|15 Zilhicce 1448
20270522|0303|0451|1221|1616|1941|2121|16 Zilhicce 1448
20270523|0302|0450|1221|1617|1942|2122|17 Zilhicce 1448
20270524|0301|0449|1221|1617|1942|2123|18 Zilhicce 1448
20270525|0259|0449|1221|1617|1943|2125|19 Zilhicce 1448
20270526|0258|0448|1221|1617|1944|2126|20 Zilhicce 1448
20270527|0257|0447|1221|1618|1945|2127|21 Zilhicce 1448
20270528|0256|0447|1221|1618|1946|2128|22 Zilhicce 1448
20270529|0255|0446|1221|1618|1947|2130|23 Zilhicce 1448
20270530|0254|0446|1222|1618|1947|2131|24 Zilhicce 1448
20270531|0253|0445|1222|1619|1948|2132|25 Zilhicce 1448
20270601|0252|0445|1222|1619|1949|2133|26 Zilhicce 1448
20270602|0251|0444|1222|1619|1950|2134|27 Zilhicce 1448
20270603|0251|0444|1222|1620|1950|2135|28 Zilhicce 1448
20270604|0250|0444|1222|1620|1951|2136|29 Zilhicce 1448
20270605|0249|0443|1223|1620|1952|2137|30 Zilhicce 1448
20270606|0249|0443|1223|1620|1952|2138|1 Muharrem 1449
20270607|0248|0443|1223|1621|1953|2139|2 Muharrem 1449
20270608|0247|0443|1223|1621|1954|2140|3 Muharrem 1449
20270609|0247|0442|1223|1621|1954|2141|4 Muharrem 1449
20270610|0246|0442|1223|1621|1955|2142|5 Muharrem 1449
20270611|0246|0442|1224|1622|1955|2143|6 Muharrem 1449
20270612|0246|0442|1224|1622|1956|2143|7 Muharrem 1449
20270613|0245|0442|1224|1622|1956|2144|8 Muharrem 1449
20270614|0245|0442|1224|1622|1957|2145|9 Muharrem 1449
20270615|0245|0442|1224|1623|1957|2145|10 Muharrem 1449
20270616|0245|0442|1225|1623|1958|2146|11 Muharrem 1449
20270617|0245|0442|1225|1623|1958|2146|12 Muharrem 1449
20270618|0245|0442|1225|1623|1958|2147|13 Muharrem 1449
20270619|0245|0442|1225|1624|1959|2147|14 Muharrem 1449
20270620|0245|0442|1226|1624|1959|2147|15 Muharrem 1449
20270621|0245|0443|1226|1624|1959|2148|16 Muharrem 1449
20270622|0245|0443|1226|1624|1959|2148|17 Muharrem 1449
20270623|0246|0443|1226|1625|1959|2148|18 Muharrem 1449
20270624|0246|0443|1226|1625|2000|2148|19 Muharrem 1449
20270625|0246|0444|1227|1625|2000|2148|20 Muharrem 1449
20270626|0247|0444|1227|1625|2000|2148|21 Muharrem 1449
20270627|0247|0444|1227|1625|2000|2148|22 Muharrem 1449
20270628|0248|0445|1227|1625|2000|2148|23 Muharrem 1449
20270629|0248|0445|1227|1626|2000|2148|24 Muharrem 1449
20270630|0249|0445|1228|1626|2000|2148|25 Muharrem 1449
20270701|0250|0446|1228|1626|2000|2147|26 Muharrem 1449
20270702|0250|0446|1228|1626|2000|2147|27 Muharrem 1449
20270703|0251|0447|1228|1626|2000|2147|28 Muharrem 1449
20270704|0252|0447|1228|1626|1959|2146|29 Muharrem 1449
20270705|0253|0448|1229|1626|1959|2146|1 Safer 1449
20270706|0254|0449|1229|1627|1959|2145|2 Safer 1449
20270707|0255|0449|1229|1627|1959|2145|3 Safer 1449
20270708|0256|0450|1229|1627|1958|2144|4 Safer 1449
20270709|0257|0451|1229|1627|1958|2143|5 Safer 1449
20270710|0258|0451|1229|1627|1958|2143|6 Safer 1449
20270711|0259|0452|1230|1627|1957|2142|7 Safer 1449
20270712|0300|0453|1230|1627|1957|2141|8 Safer 1449
20270713|0301|0453|1230|1627|1956|2140|9 Safer 1449
20270714|0302|0454|1230|1627|1956|2139|10 Safer 1449
20270715|0303|0455|1230|1627|1955|2138|11 Safer 1449
20270716|0305|0456|1230|1627|1955|2137|12 Safer 1449
20270717|0306|0456|1230|1627|1954|2136|13 Safer 1449
20270718|0307|0457|1230|1627|1954|2135|14 Safer 1449
20270719|0309|0458|1230|1627|1953|2134|15 Safer 1449
20270720|0310|0459|1230|1626|1952|2133|16 Safer 1449
20270721|0311|0500|1231|1626|1952|2132|17 Safer 1449
20270722|0313|0500|1231|1626|1951|2131|18 Safer 1449
20270723|0314|0501|1231|1626|1950|2130|19 Safer 1449
20270724|0315|0502|1231|1626|1949|2128|20 Safer 1449
20270725|0317|0503|1231|1626|1948|2127|21 Safer 1449
20270726|0318|0504|1231|1625|1947|2126|22 Safer 1449
20270727|0320|0505|1231|1625|1947|2124|23 Safer 1449
20270728|0321|0506|1231|1625|1946|2123|24 Safer 1449
20270729|0322|0507|1231|1625|1945|2121|25 Safer 1449
20270730|0324|0508|1231|1624|1944|2120|26 Safer 1449
20270731|0325|0508|1231|1624|1943|2118|27 Safer 1449
20270801|0327|0509|1231|1624|1942|2117|28 Safer 1449
20270802|0328|0510|1230|1623|1941|2115|29 Safer 1449
20270803|0330|0511|1230|1623|1940|2114|1 Rebiulevvel 1449
20270804|0331|0512|1230|1623|1938|2112|2 Rebiulevvel 1449
20270805|0333|0513|1230|1622|1937|2111|3 Rebiulevvel 1449
20270806|0334|0514|1230|1622|1936|2109|4 Rebiulevvel 1449
20270807|0336|0515|1230|1621|1935|2108|5 Rebiulevvel 1449
20270808|0337|0516|1230|1621|1934|2106|6 Rebiulevvel 1449
20270809|0338|0517|1230|1620|1933|2104|7 Rebiulevvel 1449
20270810|0340|0518|1230|1620|1931|2103|8 Rebiulevvel 1449
20270811|0341|0519|1229|1619|1930|2101|9 Rebiulevvel 1449
20270812|0343|0520|1229|1619|1929|2059|10 Rebiulevvel 1449
20270813|0344|0521|1229|1618|1927|2057|11 Rebiulevvel 1449
20270814|0346|0522|1229|1618|1926|2056|12 Rebiulevvel 1449
20270815|0347|0523|1229|1617|1925|2054|13 Rebiulevvel 1449
20270816|0349|0524|1229|1617|1923|2052|14 Rebiulevvel 1449
20270817|0350|0525|1228|1616|1922|2050|15 Rebiulevvel 1449
20270818|0351|0526|1228|1615|1921|2049|16 Rebiulevvel 1449
20270819|0353|0527|1228|1615|1919|2047|17 Rebiulevvel 1449
20270820|0354|0528|1228|1614|1918|2045|18 Rebiulevvel 1449
20270821|0355|0529|1227|1613|1916|2043|19 Rebiulevvel 1449
20270822|0357|0529|1227|1613|1915|2041|20 Rebiulevvel 1449
20270823|0358|0530|1227|1612|1913|2039|21 Rebiulevvel 1449
20270824|0400|0531|1227|1611|1912|2038|22 Rebiulevvel 1449
20270825|0401|0532|1226|1610|1911|2036|23 Rebiulevvel 1449
20270826|0402|0533|1226|1609|1909|2034|24 Rebiulevvel 1449
20270827|0404|0534|1226|1609|1907|2032|25 Rebiulevvel 1449
20270828|0405|0535|1226|1608|1906|2030|26 Rebiulevvel 1449
20270829|0406|0536|1225|1607|1904|2028|27 Rebiulevvel 1449
20270830|0407|0537|1225|1606|1903|2027|28 Rebiulevvel 1449
20270831|0409|0538|1225|1605|1901|2025|29 Rebiulevvel 1449
20270901|0410|0539|1224|1604|1900|2023|30 Rebiulevvel 1449
20270902|0411|0540|1224|1603|1858|2021|1 Rebiulahir 1449
20270903|0413|0541|1224|1603|1856|2019|2 Rebiulahir 1449
20270904|0414|0542|1223|1602|1855|2017|3 Rebiulahir 1449
20270905|0415|0543|1223|1601|1853|2015|4 Rebiulahir 1449
20270906|0416|0544|1223|1600|1852|2013|5 Rebiulahir 1449
20270907|0417|0545|1222|1559|1850|2012|6 Rebiulahir 1449
20270908|0419|0546|1222|1558|1848|2010|7 Rebiulahir 1449
20270909|0420|0547|1222|1557|1847|2008|8 Rebiulahir 1449
20270910|0421|0548|1221|1556|1845|2006|9 Rebiulahir 1449
20270911|0422|0549|1221|1555|1843|2004|10 Rebiulahir 1449
20270912|0423|0550|1221|1554|1842|2002|11 Rebiulahir 1449
20270913|0425|0550|1220|1553|1840|2000|12 Rebiulahir 1449
20270914|0426|0551|1220|1552|1838|1959|13 Rebiulahir 1449
20270915|0427|0552|1220|1550|1837|1957|14 Rebiulahir 1449
20270916|0428|0553|1219|1549|1835|1955|15 Rebiulahir 1449
20270917|0429|0554|1219|1548|1833|1953|16 Rebiulahir 1449
20270918|0430|0555|1219|1547|1832|1951|17 Rebiulahir 1449
20270919|0431|0556|1218|1546|1830|1949|18 Rebiulahir 1449
20270920|0433|0557|1218|1545|1828|1948|19 Rebiulahir 1449
20270921|0434|0558|1217|1544|1827|1946|20 Rebiulahir 1449
20270922|0435|0559|1217|1543|1825|1944|21 Rebiulahir 1449
20270923|0436|0600|1217|1542|1823|1942|22 Rebiulahir 1449
20270924|0437|0601|1216|1540|1822|1940|23 Rebiulahir 1449
20270925|0438|0602|1216|1539|1820|1939|24 Rebiulahir 1449
20270926|0439|0603|1216|1538|1818|1937|25 Rebiulahir 1449
20270927|0440|0604|1215|1537|1817|1935|26 Rebiulahir 1449
20270928|0441|0605|1215|1536|1815|1933|27 Rebiulahir 1449
20270929|0442|0606|1215|1535|1813|1932|28 Rebiulahir 1449
20270930|0443|0607|1214|1533|1812|1930|29 Rebiulahir 1449
20271001|0444|0608|1214|1532|1810|1928|1 Cemaziyelevvel 1449
20271002|0445|0609|1214|1531|1809|1927|2 Cemaziyelevvel 1449
20271003|0447|0610|1213|1530|1807|1925|3 Cemaziyelevvel 1449
20271004|0448|0611|1213|1529|1805|1923|4 Cemaziyelevvel 1449
20271005|0449|0612|1213|1528|1804|1922|5 Cemaziyelevvel 1449
20271006|0450|0613|1212|1526|1802|1920|6 Cemaziyelevvel 1449
20271007|0451|0614|1212|1525|1800|1918|7 Cemaziyelevvel 1449
20271008|0452|0615|1212|1524|1759|1917|8 Cemaziyelevvel 1449
20271009|0453|0616|1212|1523|1757|1915|9 Cemaziyelevvel 1449
20271010|0454|0617|1211|1522|1756|1914|10 Cemaziyelevvel 1449
20271011|0455|0618|1211|1520|1754|1912|11 Cemaziyelevvel 1449
20271012|0456|0619|1211|1519|1753|1911|12 Cemaziyelevvel 1449
20271013|0457|0620|1211|1518|1751|1909|13 Cemaziyelevvel 1449
20271014|0458|0621|1210|1517|1749|1908|14 Cemaziyelevvel 1449
20271015|0459|0622|1210|1516|1748|1906|15 Cemaziyelevvel 1449
20271016|0500|0623|1210|1515|1746|1905|16 Cemaziyelevvel 1449
20271017|0501|0624|1210|1513|1745|1903|17 Cemaziyelevvel 1449
20271018|0502|0625|1209|1512|1743|1902|18 Cemaziyelevvel 1449
20271019|0503|0626|1209|1511|1742|1900|19 Cemaziyelevvel 1449
20271020|0504|0628|1209|1510|1741|1859|20 Cemaziyelevvel 1449
20271021|0505|0629|1209|1509|1739|1858|21 Cemaziyelevvel 1449
20271022|0506|0630|1209|1508|1738|1856|22 Cemaziyelevvel 1449
20271023|0507|0631|1209|1507|1736|1855|23 Cemaziyelevvel 1449
20271024|0508|0632|1208|1506|1735|1854|24 Cemaziyelevvel 1449
20271025|0509|0633|1208|1505|1734|1852|25 Cemaziyelevvel 1449
20271026|0510|0634|1208|1504|1732|1851|26 Cemaziyelevvel 1449
20271027|0511|0635|1208|1503|1731|1850|27 Cemaziyelevvel 1449
20271028|0512|0636|1208|1502|1730|1849|28 Cemaziyelevvel 1449
20271029|0513|0638|1208|1501|1728|1848|29 Cemaziyelevvel 1449
20271030|0514|0639|1208|1500|1727|1846|30 Cemaziyelevvel 1449
20271031|0515|0640|1208|1459|1726|1845|1 Cemaziyelahir 1449
20271101|0516|0641|1208|1458|1725|1844|2 Cemaziyelahir 1449
20271102|0517|0642|1208|1457|1723|1843|3 Cemaziyelahir 1449
20271103|0518|0643|1208|1456|1722|1842|4 Cemaziyelahir 1449
20271104|0519|0644|1208|1455|1721|1841|5 Cemaziyelahir 1449
20271105|0520|0646|1208|1454|1720|1840|6 Cemaziyelahir 1449
20271106|0521|0647|1208|1453|1719|1839|7 Cemaziyelahir 1449
20271107|0522|0648|1208|1452|1718|1838|8 Cemaziyelahir 1449
20271108|0523|0649|1208|1451|1717|1837|9 Cemaziyelahir 1449
20271109|0524|0650|1208|1450|1716|1836|10 Cemaziyelahir 1449
20271110|0525|0651|1208|1450|1715|1836|11 Cemaziyelahir 1449
20271111|0526|0652|1208|1449|1714|1835|12 Cemaziyelahir 1449
20271112|0527|0654|1208|1448|1713|1834|13 Cemaziyelahir 1449
20271113|0528|0655|1208|1447|1712|1833|14 Cemaziyelahir 1449
20271114|0529|0656|1208|1447|1711|1832|15 Cemaziyelahir 1449
20271115|0530|0657|1209|1446|1710|1832|16 Cemaziyelahir 1449
20271116|0531|0658|1209|1445|1709|1831|17 Cemaziyelahir 1449
20271117|0532|0659|1209|1445|1708|1830|18 Cemaziyelahir 1449
20271118|0533|0701|1209|1444|1708|1830|19 Cemaziyelahir 1449
20271119|0534|0702|1209|1444|1707|1829|20 Cemaziyelahir 1449
20271120|0535|0703|1210|1443|1706|1829|21 Cemaziyelahir 1449
20271121|0536|0704|1210|1443|1706|1828|22 Cemaziyelahir 1449
20271122|0537|0705|1210|1442|1705|1828|23 Cemaziyelahir 1449
20271123|0538|0706|1210|1442|1704|1827|24 Cemaziyelahir 1449
20271124|0539|0707|1211|1441|1704|1827|25 Cemaziyelahir 1449
20271125|0540|0708|1211|1441|1703|1827|26 Cemaziyelahir 1449
20271126|0541|0710|1211|1441|1703|1826|27 Cemaziyelahir 1449
20271127|0542|0711|1211|1440|1702|1826|28 Cemaziyelahir 1449
20271128|0543|0712|1212|1440|1702|1826|29 Cemaziyelahir 1449
20271129|0543|0713|1212|1440|1702|1825|1 Recep 1449
20271130|0544|0714|1212|1439|1701|1825|2 Recep 1449
20271201|0545|0715|1213|1439|1701|1825|3 Recep 1449
20271202|0546|0716|1213|1439|1701|1825|4 Recep 1449
20271203|0547|0717|1214|1439|1700|1825|5 Recep 1449
20271204|0548|0718|1214|1439|1700|1825|6 Recep 1449
20271205|0549|0719|1214|1439|1700|1825|7 Recep 1449
20271206|0550|0720|1215|1439|1700|1825|8 Recep 1449
20271207|0550|0721|1215|1439|1700|1825|9 Recep 1449
20271208|0551|0721|1216|1439|1700|1825|10 Recep 1449
20271209|0552|0722|1216|1439|1700|1825|11 Recep 1449
20271210|0553|0723|1217|1439|1700|1825|12 Recep 1449
20271211|0553|0724|1217|1439|1700|1825|13 Recep 1449
20271212|0554|0725|1217|1439|1700|1825|14 Recep 1449
20271213|0555|0726|1218|1440|1700|1826|15 Recep 1449
20271214|0556|0726|1218|1440|1700|1826|16 Recep 1449
20271215|0556|0727|1219|1440|1701|1826|17 Recep 1449
20271216|0557|0728|1219|1440|1701|1826|18 Recep 1449
20271217|0557|0728|1220|1441|1701|1827|19 Recep 1449
20271218|0558|0729|1220|1441|1702|1827|20 Recep 1449
20271219|0559|0730|1221|1441|1702|1828|21 Recep 1449
20271220|0559|0730|1221|1442|1702|1828|22 Recep 1449
20271221|0600|0731|1222|1442|1703|1828|23 Recep 1449
20271222|0600|0731|1222|1443|1703|1829|24 Recep 1449
20271223|0601|0732|1223|1443|1704|1829|25 Recep 1449
20271224|0601|0732|1223|1444|1704|1830|26 Recep 1449
20271225|0602|0733|1224|1444|1705|1830|27 Recep 1449
20271226|0602|0733|1224|1445|1706|1831|28 Recep 1449
20271227|0602|0733|1225|1446|1706|1832|29 Recep 1449
20271228|0603|0734|1225|1446|1707|1832|30 Recep 1449
20271229|0603|0734|1226|1447|1708|1833|1 Şaban 1449
20271230|0603|0734|1226|1448|1708|1834|2 Şaban 1449
20271231|0604|0734|1227|1448|1709|1834|3 Şaban 1449
#@9296|Demirözü|BAYBURT|396
20261003|0448|0611|1215|1531|1808|1926|22 Rebiulahir 1448
20261004|0449|0612|1214|1530|1806|1924|23 Rebiulahir 1448
20261005|0450|0613|1214|1529|1805|1922|24 Rebiulahir 1448
20261006|0451|0614|1214|1527|1803|1921|25 Rebiulahir 1448
20261007|0452|0615|1213|1526|1801|1919|26 Rebiulahir 1448
20261008|0453|0616|1213|1525|1800|1918|27 Rebiulahir 1448
20261009|0454|0617|1213|1524|1758|1916|28 Rebiulahir 1448
20261010|0455|0618|1213|1523|1757|1915|29 Rebiulahir 1448
20261011|0456|0620|1212|1522|1755|1913|30 Rebiulahir 1448
20261012|0457|0621|1212|1520|1754|1911|1 Cemaziyelevvel 1448
20261013|0458|0622|1212|1519|1752|1910|2 Cemaziyelevvel 1448
20261014|0459|0623|1212|1518|1751|1908|3 Cemaziyelevvel 1448
20261015|0500|0624|1211|1517|1749|1907|4 Cemaziyelevvel 1448
20261016|0501|0625|1211|1516|1747|1906|5 Cemaziyelevvel 1448
20261017|0502|0626|1211|1515|1746|1904|6 Cemaziyelevvel 1448
20261018|0503|0627|1211|1514|1745|1903|7 Cemaziyelevvel 1448
20261019|0504|0628|1210|1512|1743|1901|8 Cemaziyelevvel 1448
20261020|0505|0629|1210|1511|1742|1900|9 Cemaziyelevvel 1448
20261021|0507|0630|1210|1510|1740|1859|10 Cemaziyelevvel 1448
20261022|0508|0631|1210|1509|1739|1857|11 Cemaziyelevvel 1448
20261023|0509|0632|1210|1508|1737|1856|12 Cemaziyelevvel 1448
20261024|0510|0633|1210|1507|1736|1855|13 Cemaziyelevvel 1448
20261025|0511|0634|1210|1506|1735|1853|14 Cemaziyelevvel 1448
20261026|0512|0636|1209|1505|1733|1852|15 Cemaziyelevvel 1448
20261027|0513|0637|1209|1504|1732|1851|16 Cemaziyelevvel 1448
20261028|0514|0638|1209|1503|1731|1850|17 Cemaziyelevvel 1448
20261029|0515|0639|1209|1502|1729|1849|18 Cemaziyelevvel 1448
20261030|0516|0640|1209|1501|1728|1847|19 Cemaziyelevvel 1448
20261031|0517|0641|1209|1500|1727|1846|20 Cemaziyelevvel 1448
20261101|0518|0642|1209|1459|1726|1845|21 Cemaziyelevvel 1448
20261102|0519|0644|1209|1458|1725|1844|22 Cemaziyelevvel 1448
20270101|0605|0736|1229|1451|1712|1837|23 Recep 1448
20270102|0605|0736|1229|1452|1712|1837|24 Recep 1448
20270103|0606|0736|1230|1452|1713|1838|25 Recep 1448
20270104|0606|0736|1230|1453|1714|1839|26 Recep 1448
20270105|0606|0736|1231|1454|1715|1840|27 Recep 1448
20270106|0606|0736|1231|1455|1716|1841|28 Recep 1448
20270107|0606|0736|1231|1456|1717|1841|29 Recep 1448
20270108|0606|0736|1232|1457|1718|1842|30 Recep 1448
20270109|0606|0736|1232|1457|1719|1843|1 Şaban 1448
20270110|0606|0736|1233|1458|1720|1844|2 Şaban 1448
20270111|0606|0735|1233|1459|1721|1845|3 Şaban 1448
20270112|0606|0735|1233|1500|1722|1846|4 Şaban 1448
20270113|0606|0735|1234|1501|1723|1847|5 Şaban 1448
20270114|0605|0734|1234|1502|1724|1848|6 Şaban 1448
20270115|0605|0734|1235|1503|1725|1849|7 Şaban 1448
20270116|0605|0734|1235|1504|1726|1850|8 Şaban 1448
20270117|0605|0733|1235|1505|1727|1851|9 Şaban 1448
20270118|0604|0733|1236|1506|1728|1852|10 Şaban 1448
20270119|0604|0732|1236|1507|1730|1853|11 Şaban 1448
20270120|0604|0732|1236|1508|1731|1853|12 Şaban 1448
20270121|0603|0731|1237|1509|1732|1854|13 Şaban 1448
20270122|0603|0731|1237|1510|1733|1855|14 Şaban 1448
20270123|0602|0730|1237|1511|1734|1857|15 Şaban 1448
20270124|0602|0729|1237|1512|1735|1858|16 Şaban 1448
20270125|0601|0729|1238|1513|1737|1859|17 Şaban 1448
20270126|0601|0728|1238|1514|1738|1900|18 Şaban 1448
20270127|0600|0727|1238|1515|1739|1901|19 Şaban 1448
20270128|0600|0726|1238|1516|1740|1902|20 Şaban 1448
20270129|0559|0726|1238|1517|1741|1903|21 Şaban 1448
20270130|0558|0725|1239|1518|1743|1904|22 Şaban 1448
20270131|0557|0724|1239|1519|1744|1905|23 Şaban 1448
20270201|0557|0723|1239|1520|1745|1906|24 Şaban 1448
20270202|0556|0722|1239|1521|1746|1907|25 Şaban 1448
20270203|0555|0721|1239|1522|1747|1908|26 Şaban 1448
20270204|0554|0720|1239|1523|1749|1909|27 Şaban 1448
20270205|0553|0719|1239|1524|1750|1910|28 Şaban 1448
20270206|0552|0718|1239|1525|1751|1911|29 Şaban 1448
20270207|0552|0717|1239|1526|1752|1912|30 Şaban 1448
20270208|0551|0716|1240|1527|1753|1913|1 Ramazan 1448
20270209|0550|0715|1240|1528|1755|1914|2 Ramazan 1448
20270210|0549|0713|1240|1529|1756|1915|3 Ramazan 1448
20270211|0548|0712|1240|1530|1757|1916|4 Ramazan 1448
20270212|0546|0711|1240|1531|1758|1918|5 Ramazan 1448
20270213|0545|0710|1240|1532|1759|1919|6 Ramazan 1448
20270214|0544|0709|1240|1533|1801|1920|7 Ramazan 1448
20270215|0543|0707|1240|1534|1802|1921|8 Ramazan 1448
20270216|0542|0706|1240|1535|1803|1922|9 Ramazan 1448
20270217|0541|0705|1239|1535|1804|1923|10 Ramazan 1448
20270218|0540|0703|1239|1536|1805|1924|11 Ramazan 1448
20270219|0538|0702|1239|1537|1807|1925|12 Ramazan 1448
20270220|0537|0701|1239|1538|1808|1926|13 Ramazan 1448
20270221|0536|0659|1239|1539|1809|1927|14 Ramazan 1448
20270222|0534|0658|1239|1540|1810|1928|15 Ramazan 1448
20270223|0533|0657|1239|1541|1811|1929|16 Ramazan 1448
20270224|0532|0655|1239|1541|1812|1930|17 Ramazan 1448
20270225|0530|0654|1239|1542|1813|1932|18 Ramazan 1448
20270226|0529|0652|1238|1543|1815|1933|19 Ramazan 1448
20270227|0528|0651|1238|1544|1816|1934|20 Ramazan 1448
20270228|0526|0649|1238|1544|1817|1935|21 Ramazan 1448
20270301|0525|0648|1238|1545|1818|1936|22 Ramazan 1448
20270302|0523|0646|1238|1546|1819|1937|23 Ramazan 1448
20270303|0522|0645|1237|1547|1820|1938|24 Ramazan 1448
20270304|0520|0643|1237|1547|1821|1939|25 Ramazan 1448
20270305|0519|0642|1237|1548|1822|1940|26 Ramazan 1448
20270306|0517|0640|1237|1549|1823|1941|27 Ramazan 1448
20270307|0516|0639|1237|1549|1825|1942|28 Ramazan 1448
20270308|0514|0637|1236|1550|1826|1943|29 Ramazan 1448
20270309|0512|0636|1236|1551|1827|1945|1 Şevval 1448
20270310|0511|0634|1236|1551|1828|1946|2 Şevval 1448
20270311|0509|0632|1236|1552|1829|1947|3 Şevval 1448
20270312|0508|0631|1235|1553|1830|1948|4 Şevval 1448
20270313|0506|0629|1235|1553|1831|1949|5 Şevval 1448
20270314|0504|0628|1235|1554|1832|1950|6 Şevval 1448
20270315|0503|0626|1235|1554|1833|1951|7 Şevval 1448
20270316|0501|0624|1234|1555|1834|1952|8 Şevval 1448
20270317|0459|0623|1234|1555|1835|1953|9 Şevval 1448
20270318|0457|0621|1234|1556|1836|1955|10 Şevval 1448
20270319|0456|0620|1233|1557|1837|1956|11 Şevval 1448
20270320|0454|0618|1233|1557|1838|1957|12 Şevval 1448
20270321|0452|0616|1233|1558|1839|1958|13 Şevval 1448
20270322|0450|0615|1233|1558|1840|1959|14 Şevval 1448
20270323|0449|0613|1232|1559|1841|2000|15 Şevval 1448
20270324|0447|0611|1232|1559|1842|2001|16 Şevval 1448
20270325|0445|0610|1232|1600|1844|2003|17 Şevval 1448
20270326|0443|0608|1231|1600|1845|2004|18 Şevval 1448
20270327|0442|0606|1231|1600|1846|2005|19 Şevval 1448
20270328|0440|0605|1231|1601|1847|2006|20 Şevval 1448
20270329|0438|0603|1230|1601|1848|2007|21 Şevval 1448
20270330|0436|0602|1230|1602|1849|2009|22 Şevval 1448
20270331|0434|0600|1230|1602|1850|2010|23 Şevval 1448
20270401|0432|0558|1230|1603|1851|2011|24 Şevval 1448
20270402|0431|0557|1229|1603|1852|2012|25 Şevval 1448
20270403|0429|0555|1229|1603|1853|2013|26 Şevval 1448
20270404|0427|0554|1229|1604|1854|2015|27 Şevval 1448
20270405|0425|0552|1228|1604|1855|2016|28 Şevval 1448
20270406|0423|0550|1228|1604|1856|2017|29 Şevval 1448
20270407|0421|0549|1228|1605|1857|2019|30 Şevval 1448
20270408|0419|0547|1227|1605|1858|2020|1 Zilkade 1448
20270409|0418|0546|1227|1606|1859|2021|2 Zilkade 1448
20270410|0416|0544|1227|1606|1900|2022|3 Zilkade 1448
20270411|0414|0542|1227|1606|1901|2024|4 Zilkade 1448
20270412|0412|0541|1226|1607|1902|2025|5 Zilkade 1448
20270413|0410|0539|1226|1607|1903|2026|6 Zilkade 1448
20270414|0408|0538|1226|1607|1904|2028|7 Zilkade 1448
20270415|0406|0536|1226|1607|1905|2029|8 Zilkade 1448
20270416|0405|0535|1225|1608|1906|2030|9 Zilkade 1448
20270417|0403|0533|1225|1608|1907|2032|10 Zilkade 1448
20270418|0401|0532|1225|1608|1908|2033|11 Zilkade 1448
20270419|0359|0530|1225|1609|1909|2034|12 Zilkade 1448
20270420|0357|0529|1225|1609|1910|2036|13 Zilkade 1448
20270421|0355|0527|1224|1609|1911|2037|14 Zilkade 1448
20270422|0353|0526|1224|1610|1912|2038|15 Zilkade 1448
20270423|0352|0525|1224|1610|1913|2040|16 Zilkade 1448
20270424|0350|0523|1224|1610|1914|2041|17 Zilkade 1448
20270425|0348|0522|1224|1610|1915|2043|18 Zilkade 1448
20270426|0346|0521|1223|1611|1916|2044|19 Zilkade 1448
20270427|0344|0519|1223|1611|1917|2046|20 Zilkade 1448
20270428|0343|0518|1223|1611|1918|2047|21 Zilkade 1448
20270429|0341|0517|1223|1611|1919|2048|22 Zilkade 1448
20270430|0339|0515|1223|1612|1920|2050|23 Zilkade 1448
20270501|0337|0514|1223|1612|1921|2051|24 Zilkade 1448
20270502|0336|0513|1223|1612|1922|2053|25 Zilkade 1448
20270503|0334|0511|1222|1612|1923|2054|26 Zilkade 1448
20270504|0332|0510|1222|1613|1924|2056|27 Zilkade 1448
20270505|0331|0509|1222|1613|1925|2057|28 Zilkade 1448
20270506|0329|0508|1222|1613|1926|2059|29 Zilkade 1448
20270507|0327|0507|1222|1614|1927|2100|1 Zilhicce 1448
20270508|0326|0506|1222|1614|1928|2101|2 Zilhicce 1448
20270509|0324|0504|1222|1614|1929|2103|3 Zilhicce 1448
20270510|0322|0503|1222|1614|1930|2104|4 Zilhicce 1448
20270511|0321|0502|1222|1615|1931|2106|5 Zilhicce 1448
20270512|0319|0501|1222|1615|1932|2107|6 Zilhicce 1448
20270513|0318|0500|1222|1615|1933|2109|7 Zilhicce 1448
20270514|0316|0459|1222|1615|1934|2110|8 Zilhicce 1448
20270515|0315|0458|1222|1616|1935|2112|9 Zilhicce 1448
20270516|0313|0457|1222|1616|1936|2113|10 Zilhicce 1448
20270517|0312|0457|1222|1616|1937|2114|11 Zilhicce 1448
20270518|0310|0456|1222|1616|1938|2116|12 Zilhicce 1448
20270519|0309|0455|1222|1617|1939|2117|13 Zilhicce 1448
20270520|0308|0454|1222|1617|1940|2119|14 Zilhicce 1448
20270521|0306|0453|1222|1617|1941|2120|15 Zilhicce 1448
20270522|0305|0452|1222|1617|1942|2121|16 Zilhicce 1448
20270523|0304|0452|1222|1618|1943|2123|17 Zilhicce 1448
20270524|0303|0451|1222|1618|1944|2124|18 Zilhicce 1448
20270525|0301|0450|1222|1618|1944|2125|19 Zilhicce 1448
20270526|0300|0450|1222|1618|1945|2127|20 Zilhicce 1448
20270527|0259|0449|1223|1619|1946|2128|21 Zilhicce 1448
20270528|0258|0448|1223|1619|1947|2129|22 Zilhicce 1448
20270529|0257|0448|1223|1619|1948|2130|23 Zilhicce 1448
20270530|0256|0447|1223|1620|1948|2131|24 Zilhicce 1448
20270531|0255|0447|1223|1620|1949|2133|25 Zilhicce 1448
20270601|0254|0446|1223|1620|1950|2134|26 Zilhicce 1448
20270602|0253|0446|1223|1620|1951|2135|27 Zilhicce 1448
20270603|0253|0446|1224|1621|1951|2136|28 Zilhicce 1448
20270604|0252|0445|1224|1621|1952|2137|29 Zilhicce 1448
20270605|0251|0445|1224|1621|1953|2138|30 Zilhicce 1448
20270606|0251|0445|1224|1621|1953|2139|1 Muharrem 1449
20270607|0250|0444|1224|1622|1954|2140|2 Muharrem 1449
20270608|0249|0444|1224|1622|1955|2141|3 Muharrem 1449
20270609|0249|0444|1225|1622|1955|2142|4 Muharrem 1449
20270610|0248|0444|1225|1623|1956|2142|5 Muharrem 1449
20270611|0248|0444|1225|1623|1956|2143|6 Muharrem 1449
20270612|0248|0444|1225|1623|1957|2144|7 Muharrem 1449
20270613|0247|0444|1225|1623|1957|2145|8 Muharrem 1449
20270614|0247|0444|1226|1624|1958|2145|9 Muharrem 1449
20270615|0247|0444|1226|1624|1958|2146|10 Muharrem 1449
20270616|0247|0444|1226|1624|1959|2146|11 Muharrem 1449
20270617|0247|0444|1226|1624|1959|2147|12 Muharrem 1449
20270618|0247|0444|1226|1625|1959|2147|13 Muharrem 1449
20270619|0247|0444|1227|1625|2000|2148|14 Muharrem 1449
20270620|0247|0444|1227|1625|2000|2148|15 Muharrem 1449
20270621|0247|0444|1227|1625|2000|2148|16 Muharrem 1449
20270622|0247|0444|1227|1625|2000|2148|17 Muharrem 1449
20270623|0248|0445|1228|1626|2000|2149|18 Muharrem 1449
20270624|0248|0445|1228|1626|2001|2149|19 Muharrem 1449
20270625|0248|0445|1228|1626|2001|2149|20 Muharrem 1449
20270626|0249|0446|1228|1626|2001|2149|21 Muharrem 1449
20270627|0249|0446|1228|1626|2001|2149|22 Muharrem 1449
20270628|0250|0446|1229|1627|2001|2149|23 Muharrem 1449
20270629|0250|0447|1229|1627|2001|2148|24 Muharrem 1449
20270630|0251|0447|1229|1627|2001|2148|25 Muharrem 1449
20270701|0252|0448|1229|1627|2001|2148|26 Muharrem 1449
20270702|0252|0448|1229|1627|2001|2148|27 Muharrem 1449
20270703|0253|0449|1230|1627|2001|2147|28 Muharrem 1449
20270704|0254|0449|1230|1627|2000|2147|29 Muharrem 1449
20270705|0255|0450|1230|1628|2000|2146|1 Safer 1449
20270706|0256|0450|1230|1628|2000|2146|2 Safer 1449
20270707|0257|0451|1230|1628|2000|2145|3 Safer 1449
20270708|0258|0451|1230|1628|1959|2145|4 Safer 1449
20270709|0259|0452|1231|1628|1959|2144|5 Safer 1449
20270710|0300|0453|1231|1628|1959|2143|6 Safer 1449
20270711|0301|0453|1231|1628|1958|2143|7 Safer 1449
20270712|0302|0454|1231|1628|1958|2142|8 Safer 1449
20270713|0303|0455|1231|1628|1957|2141|9 Safer 1449
20270714|0304|0456|1231|1628|1957|2140|10 Safer 1449
20270715|0305|0456|1231|1628|1956|2139|11 Safer 1449
20270716|0307|0457|1231|1628|1956|2138|12 Safer 1449
20270717|0308|0458|1232|1628|1955|2137|13 Safer 1449
20270718|0309|0459|1232|1628|1955|2136|14 Safer 1449
20270719|0310|0500|1232|1628|1954|2135|15 Safer 1449
20270720|0312|0500|1232|1628|1953|2134|16 Safer 1449
20270721|0313|0501|1232|1627|1953|2133|17 Safer 1449
20270722|0315|0502|1232|1627|1952|2132|18 Safer 1449
20270723|0316|0503|1232|1627|1951|2130|19 Safer 1449
20270724|0317|0504|1232|1627|1950|2129|20 Safer 1449
20270725|0319|0505|1232|1627|1949|2128|21 Safer 1449
20270726|0320|0506|1232|1627|1949|2126|22 Safer 1449
20270727|0321|0506|1232|1626|1948|2125|23 Safer 1449
20270728|0323|0507|1232|1626|1947|2124|24 Safer 1449
20270729|0324|0508|1232|1626|1946|2122|25 Safer 1449
20270730|0326|0509|1232|1626|1945|2121|26 Safer 1449
20270731|0327|0510|1232|1625|1944|2119|27 Safer 1449
20270801|0329|0511|1232|1625|1943|2118|28 Safer 1449
20270802|0330|0512|1232|1625|1942|2116|29 Safer 1449
20270803|0332|0513|1232|1624|1941|2115|1 Rebiulevvel 1449
20270804|0333|0514|1232|1624|1940|2113|2 Rebiulevvel 1449
20270805|0334|0515|1232|1623|1938|2112|3 Rebiulevvel 1449
20270806|0336|0516|1231|1623|1937|2110|4 Rebiulevvel 1449
20270807|0337|0517|1231|1623|1936|2108|5 Rebiulevvel 1449
20270808|0339|0518|1231|1622|1935|2107|6 Rebiulevvel 1449
20270809|0340|0518|1231|1622|1934|2105|7 Rebiulevvel 1449
20270810|0342|0519|1231|1621|1932|2103|8 Rebiulevvel 1449
20270811|0343|0520|1231|1621|1931|2102|9 Rebiulevvel 1449
20270812|0345|0521|1231|1620|1930|2100|10 Rebiulevvel 1449
20270813|0346|0522|1230|1620|1929|2058|11 Rebiulevvel 1449
20270814|0347|0523|1230|1619|1927|2057|12 Rebiulevvel 1449
20270815|0349|0524|1230|1618|1926|2055|13 Rebiulevvel 1449
20270816|0350|0525|1230|1618|1925|2053|14 Rebiulevvel 1449
20270817|0352|0526|1230|1617|1923|2051|15 Rebiulevvel 1449
20270818|0353|0527|1229|1617|1922|2050|16 Rebiulevvel 1449
20270819|0354|0528|1229|1616|1920|2048|17 Rebiulevvel 1449
20270820|0356|0529|1229|1615|1919|2046|18 Rebiulevvel 1449
20270821|0357|0530|1229|1615|1918|2044|19 Rebiulevvel 1449
20270822|0359|0531|1229|1614|1916|2042|20 Rebiulevvel 1449
20270823|0400|0532|1228|1613|1915|2040|21 Rebiulevvel 1449
20270824|0401|0533|1228|1612|1913|2039|22 Rebiulevvel 1449
20270825|0403|0534|1228|1612|1912|2037|23 Rebiulevvel 1449
20270826|0404|0535|1227|1611|1910|2035|24 Rebiulevvel 1449
20270827|0405|0536|1227|1610|1909|2033|25 Rebiulevvel 1449
20270828|0406|0537|1227|1609|1907|2031|26 Rebiulevvel 1449
20270829|0408|0538|1227|1608|1906|2029|27 Rebiulevvel 1449
20270830|0409|0539|1226|1607|1904|2028|28 Rebiulevvel 1449
20270831|0410|0540|1226|1607|1902|2026|29 Rebiulevvel 1449
20270901|0412|0540|1226|1606|1901|2024|30 Rebiulevvel 1449
20270902|0413|0541|1225|1605|1859|2022|1 Rebiulahir 1449
20270903|0414|0542|1225|1604|1858|2020|2 Rebiulahir 1449
20270904|0415|0543|1225|1603|1856|2018|3 Rebiulahir 1449
20270905|0417|0544|1224|1602|1855|2016|4 Rebiulahir 1449
20270906|0418|0545|1224|1601|1853|2015|5 Rebiulahir 1449
20270907|0419|0546|1224|1600|1851|2013|6 Rebiulahir 1449
20270908|0420|0547|1223|1559|1850|2011|7 Rebiulahir 1449
20270909|0421|0548|1223|1558|1848|2009|8 Rebiulahir 1449
20270910|0423|0549|1223|1557|1846|2007|9 Rebiulahir 1449
20270911|0424|0550|1222|1556|1845|2005|10 Rebiulahir 1449
20270912|0425|0551|1222|1555|1843|2003|11 Rebiulahir 1449
20270913|0426|0552|1222|1554|1841|2002|12 Rebiulahir 1449
20270914|0427|0553|1221|1553|1840|2000|13 Rebiulahir 1449
20270915|0428|0554|1221|1552|1838|1958|14 Rebiulahir 1449
20270916|0430|0555|1221|1551|1836|1956|15 Rebiulahir 1449
20270917|0431|0556|1220|1550|1835|1954|16 Rebiulahir 1449
20270918|0432|0557|1220|1549|1833|1952|17 Rebiulahir 1449
20270919|0433|0558|1219|1547|1831|1951|18 Rebiulahir 1449
20270920|0434|0559|1219|1546|1830|1949|19 Rebiulahir 1449
20270921|0435|0559|1219|1545|1828|1947|20 Rebiulahir 1449
20270922|0436|0600|1218|1544|1826|1945|21 Rebiulahir 1449
20270923|0437|0601|1218|1543|1825|1943|22 Rebiulahir 1449
20270924|0438|0602|1218|1542|1823|1942|23 Rebiulahir 1449
20270925|0439|0603|1217|1541|1821|1940|24 Rebiulahir 1449
20270926|0441|0604|1217|1539|1820|1938|25 Rebiulahir 1449
20270927|0442|0605|1217|1538|1818|1936|26 Rebiulahir 1449
20270928|0443|0606|1216|1537|1816|1935|27 Rebiulahir 1449
20270929|0444|0607|1216|1536|1815|1933|28 Rebiulahir 1449
20270930|0445|0608|1216|1535|1813|1931|29 Rebiulahir 1449
20271001|0446|0609|1215|1534|1812|1930|1 Cemaziyelevvel 1449
20271002|0447|0610|1215|1532|1810|1928|2 Cemaziyelevvel 1449
20271003|0448|0611|1215|1531|1808|1926|3 Cemaziyelevvel 1449
20271004|0449|0612|1214|1530|1807|1925|4 Cemaziyelevvel 1449
20271005|0450|0613|1214|1529|1805|1923|5 Cemaziyelevvel 1449
20271006|0451|0614|1214|1528|1803|1921|6 Cemaziyelevvel 1449
20271007|0452|0615|1213|1527|1802|1920|7 Cemaziyelevvel 1449
20271008|0453|0616|1213|1525|1800|1918|8 Cemaziyelevvel 1449
20271009|0454|0617|1213|1524|1759|1916|9 Cemaziyelevvel 1449
20271010|0455|0618|1213|1523|1757|1915|10 Cemaziyelevvel 1449
20271011|0456|0619|1212|1522|1756|1913|11 Cemaziyelevvel 1449
20271012|0457|0620|1212|1521|1754|1912|12 Cemaziyelevvel 1449
20271013|0458|0621|1212|1520|1752|1910|13 Cemaziyelevvel 1449
20271014|0459|0622|1212|1518|1751|1909|14 Cemaziyelevvel 1449
20271015|0500|0623|1211|1517|1749|1907|15 Cemaziyelevvel 1449
20271016|0501|0624|1211|1516|1748|1906|16 Cemaziyelevvel 1449
20271017|0502|0626|1211|1515|1746|1904|17 Cemaziyelevvel 1449
20271018|0503|0627|1211|1514|1745|1903|18 Cemaziyelevvel 1449
20271019|0504|0628|1211|1513|1743|1902|19 Cemaziyelevvel 1449
20271020|0505|0629|1210|1512|1742|1900|20 Cemaziyelevvel 1449
20271021|0506|0630|1210|1510|1741|1859|21 Cemaziyelevvel 1449
20271022|0507|0631|1210|1509|1739|1858|22 Cemaziyelevvel 1449
20271023|0508|0632|1210|1508|1738|1856|23 Cemaziyelevvel 1449
20271024|0509|0633|1210|1507|1736|1855|24 Cemaziyelevvel 1449
20271025|0510|0634|1210|1506|1735|1854|25 Cemaziyelevvel 1449
20271026|0511|0635|1209|1505|1734|1852|26 Cemaziyelevvel 1449
20271027|0512|0636|1209|1504|1732|1851|27 Cemaziyelevvel 1449
20271028|0513|0638|1209|1503|1731|1850|28 Cemaziyelevvel 1449
20271029|0514|0639|1209|1502|1730|1849|29 Cemaziyelevvel 1449
20271030|0515|0640|1209|1501|1728|1848|30 Cemaziyelevvel 1449
20271031|0516|0641|1209|1500|1727|1847|1 Cemaziyelahir 1449
20271101|0517|0642|1209|1459|1726|1846|2 Cemaziyelahir 1449
20271102|0518|0643|1209|1458|1725|1844|3 Cemaziyelahir 1449
20271103|0519|0644|1209|1457|1724|1843|4 Cemaziyelahir 1449
20271104|0520|0646|1209|1456|1723|1842|5 Cemaziyelahir 1449
20271105|0521|0647|1209|1455|1721|1841|6 Cemaziyelahir 1449
20271106|0522|0648|1209|1455|1720|1840|7 Cemaziyelahir 1449
20271107|0523|0649|1209|1454|1719|1840|8 Cemaziyelahir 1449
20271108|0524|0650|1209|1453|1718|1839|9 Cemaziyelahir 1449
20271109|0525|0651|1209|1452|1717|1838|10 Cemaziyelahir 1449
20271110|0526|0652|1209|1451|1716|1837|11 Cemaziyelahir 1449
20271111|0527|0654|1209|1450|1715|1836|12 Cemaziyelahir 1449
20271112|0528|0655|1209|1450|1714|1835|13 Cemaziyelahir 1449
20271113|0529|0656|1210|1449|1713|1835|14 Cemaziyelahir 1449
20271114|0530|0657|1210|1448|1712|1834|15 Cemaziyelahir 1449
20271115|0531|0658|1210|1448|1712|1833|16 Cemaziyelahir 1449
20271116|0532|0659|1210|1447|1711|1833|17 Cemaziyelahir 1449
20271117|0533|0701|1210|1446|1710|1832|18 Cemaziyelahir 1449
20271118|0534|0702|1210|1446|1709|1831|19 Cemaziyelahir 1449
20271119|0535|0703|1211|1445|1709|1831|20 Cemaziyelahir 1449
20271120|0536|0704|1211|1445|1708|1830|21 Cemaziyelahir 1449
20271121|0537|0705|1211|1444|1707|1830|22 Cemaziyelahir 1449
20271122|0538|0706|1211|1444|1707|1829|23 Cemaziyelahir 1449
20271123|0539|0707|1212|1443|1706|1829|24 Cemaziyelahir 1449
20271124|0540|0708|1212|1443|1705|1828|25 Cemaziyelahir 1449
20271125|0541|0709|1212|1443|1705|1828|26 Cemaziyelahir 1449
20271126|0542|0711|1212|1442|1704|1828|27 Cemaziyelahir 1449
20271127|0543|0712|1213|1442|1704|1827|28 Cemaziyelahir 1449
20271128|0544|0713|1213|1442|1704|1827|29 Cemaziyelahir 1449
20271129|0545|0714|1213|1441|1703|1827|1 Recep 1449
20271130|0546|0715|1214|1441|1703|1827|2 Recep 1449
20271201|0546|0716|1214|1441|1703|1827|3 Recep 1449
20271202|0547|0717|1215|1441|1702|1826|4 Recep 1449
20271203|0548|0718|1215|1441|1702|1826|5 Recep 1449
20271204|0549|0719|1215|1441|1702|1826|6 Recep 1449
20271205|0550|0720|1216|1440|1702|1826|7 Recep 1449
20271206|0551|0721|1216|1440|1702|1826|8 Recep 1449
20271207|0552|0722|1217|1440|1702|1826|9 Recep 1449
20271208|0552|0723|1217|1440|1702|1826|10 Recep 1449
20271209|0553|0723|1217|1441|1702|1826|11 Recep 1449
20271210|0554|0724|1218|1441|1702|1826|12 Recep 1449
20271211|0555|0725|1218|1441|1702|1827|13 Recep 1449
20271212|0555|0726|1219|1441|1702|1827|14 Recep 1449
20271213|0556|0727|1219|1441|1702|1827|15 Recep 1449
20271214|0557|0727|1220|1441|1702|1827|16 Recep 1449
20271215|0557|0728|1220|1442|1702|1828|17 Recep 1449
20271216|0558|0729|1221|1442|1703|1828|18 Recep 1449
20271217|0559|0729|1221|1442|1703|1828|19 Recep 1449
20271218|0559|0730|1222|1443|1703|1829|20 Recep 1449
20271219|0600|0731|1222|1443|1704|1829|21 Recep 1449
20271220|0600|0731|1223|1443|1704|1829|22 Recep 1449
20271221|0601|0732|1223|1444|1704|1830|23 Recep 1449
20271222|0601|0732|1224|1444|1705|1830|24 Recep 1449
20271223|0602|0733|1224|1445|1705|1831|25 Recep 1449
20271224|0602|0733|1225|1445|1706|1831|26 Recep 1449
20271225|0603|0734|1225|1446|1707|1832|27 Recep 1449
20271226|0603|0734|1226|1447|1707|1833|28 Recep 1449
20271227|0604|0734|1226|1447|1708|1833|29 Recep 1449
20271228|0604|0735|1227|1448|1708|1834|30 Recep 1449
20271229|0604|0735|1227|1448|1709|1834|1 Şaban 1449
20271230|0605|0735|1228|1449|1710|1835|2 Şaban 1449
20271231|0605|0736|1228|1450|1711|1836|3 Şaban 1449
