# diyanet | surum=diyanet-2026-10-03.1 | il=HAKKARI | yerlesim=4 | 2026-10-03..2027-12-31
#@9506|Çukurca|HAKKARI|396
20261003|0436|0555|1200|1518|1754|1909|22 Rebiulahir 1448
20261004|0437|0556|1159|1517|1753|1907|23 Rebiulahir 1448
20261005|0438|0557|1159|1516|1751|1906|24 Rebiulahir 1448
20261006|0439|0558|1159|1515|1750|1904|25 Rebiulahir 1448
20261007|0439|0559|1159|1514|1748|1903|26 Rebiulahir 1448
20261008|0440|0600|1158|1513|1747|1901|27 Rebiulahir 1448
20261009|0441|0601|1158|1512|1745|1900|28 Rebiulahir 1448
20261010|0442|0602|1158|1511|1744|1858|29 Rebiulahir 1448
20261011|0443|0602|1157|1510|1742|1857|30 Rebiulahir 1448
20261012|0444|0603|1157|1509|1741|1855|1 Cemaziyelevvel 1448
20261013|0445|0604|1157|1508|1740|1854|2 Cemaziyelevvel 1448
20261014|0446|0605|1157|1507|1738|1853|3 Cemaziyelevvel 1448
20261015|0447|0606|1156|1506|1737|1851|4 Cemaziyelevvel 1448
20261016|0447|0607|1156|1505|1735|1850|5 Cemaziyelevvel 1448
20261017|0448|0608|1156|1504|1734|1849|6 Cemaziyelevvel 1448
20261018|0449|0609|1156|1502|1733|1847|7 Cemaziyelevvel 1448
20261019|0450|0610|1156|1501|1731|1846|8 Cemaziyelevvel 1448
20261020|0451|0611|1155|1500|1730|1845|9 Cemaziyelevvel 1448
20261021|0452|0612|1155|1459|1729|1844|10 Cemaziyelevvel 1448
20261022|0453|0613|1155|1458|1727|1843|11 Cemaziyelevvel 1448
20261023|0454|0614|1155|1458|1726|1841|12 Cemaziyelevvel 1448
20261024|0454|0615|1155|1457|1725|1840|13 Cemaziyelevvel 1448
20261025|0455|0616|1155|1456|1724|1839|14 Cemaziyelevvel 1448
20261026|0456|0617|1155|1455|1723|1838|15 Cemaziyelevvel 1448
20261027|0457|0618|1154|1454|1721|1837|16 Cemaziyelevvel 1448
20261028|0458|0619|1154|1453|1720|1836|17 Cemaziyelevvel 1448
20261029|0459|0620|1154|1452|1719|1835|18 Cemaziyelevvel 1448
20261030|0500|0621|1154|1451|1718|1834|19 Cemaziyelevvel 1448
20261031|0501|0622|1154|1450|1717|1833|20 Cemaziyelevvel 1448
20261101|0502|0623|1154|1449|1716|1832|21 Cemaziyelevvel 1448
20261102|0502|0624|1154|1448|1715|1831|22 Cemaziyelevvel 1448
20270101|0546|0712|1214|1444|1705|1826|23 Recep 1448
20270102|0546|0713|1214|1445|1706|1827|24 Recep 1448
20270103|0547|0713|1215|1446|1707|1828|25 Recep 1448
20270104|0547|0713|1215|1447|1708|1828|26 Recep 1448
20270105|0547|0713|1216|1447|1708|1829|27 Recep 1448
20270106|0547|0713|1216|1448|1709|1830|28 Recep 1448
20270107|0547|0713|1217|1449|1710|1831|29 Recep 1448
20270108|0547|0713|1217|1450|1711|1831|30 Recep 1448
20270109|0547|0713|1217|1451|1712|1832|1 Şaban 1448
20270110|0547|0713|1218|1451|1713|1833|2 Şaban 1448
20270111|0547|0713|1218|1452|1714|1834|3 Şaban 1448
20270112|0547|0712|1219|1453|1715|1835|4 Şaban 1448
20270113|0547|0712|1219|1454|1716|1836|5 Şaban 1448
20270114|0547|0712|1219|1455|1717|1837|6 Şaban 1448
20270115|0547|0712|1220|1456|1718|1837|7 Şaban 1448
20270116|0547|0711|1220|1457|1719|1838|8 Şaban 1448
20270117|0546|0711|1220|1458|1720|1839|9 Şaban 1448
20270118|0546|0711|1221|1459|1721|1840|10 Şaban 1448
20270119|0546|0710|1221|1500|1722|1841|11 Şaban 1448
20270120|0546|0710|1221|1500|1723|1842|12 Şaban 1448
20270121|0545|0709|1222|1501|1724|1843|13 Şaban 1448
20270122|0545|0709|1222|1502|1725|1844|14 Şaban 1448
20270123|0545|0708|1222|1503|1726|1845|15 Şaban 1448
20270124|0544|0708|1222|1504|1727|1846|16 Şaban 1448
20270125|0544|0707|1223|1505|1728|1847|17 Şaban 1448
20270126|0543|0706|1223|1506|1729|1848|18 Şaban 1448
20270127|0543|0706|1223|1507|1731|1848|19 Şaban 1448
20270128|0542|0705|1223|1508|1732|1849|20 Şaban 1448
20270129|0542|0704|1224|1509|1733|1850|21 Şaban 1448
20270130|0541|0704|1224|1510|1734|1851|22 Şaban 1448
20270131|0540|0703|1224|1511|1735|1852|23 Şaban 1448
20270201|0540|0702|1224|1512|1736|1853|24 Şaban 1448
20270202|0539|0701|1224|1513|1737|1854|25 Şaban 1448
20270203|0538|0700|1224|1513|1738|1855|26 Şaban 1448
20270204|0538|0659|1224|1514|1739|1856|27 Şaban 1448
20270205|0537|0659|1224|1515|1740|1857|28 Şaban 1448
20270206|0536|0658|1225|1516|1741|1858|29 Şaban 1448
20270207|0535|0657|1225|1517|1743|1859|30 Şaban 1448
20270208|0534|0656|1225|1518|1744|1900|1 Ramazan 1448
20270209|0533|0655|1225|1519|1745|1901|2 Ramazan 1448
20270210|0533|0654|1225|1520|1746|1902|3 Ramazan 1448
20270211|0532|0653|1225|1520|1747|1903|4 Ramazan 1448
20270212|0531|0652|1225|1521|1748|1904|5 Ramazan 1448
20270213|0530|0650|1225|1522|1749|1905|6 Ramazan 1448
20270214|0529|0649|1225|1523|1750|1906|7 Ramazan 1448
20270215|0528|0648|1225|1524|1751|1907|8 Ramazan 1448
20270216|0527|0647|1225|1524|1752|1908|9 Ramazan 1448
20270217|0526|0646|1225|1525|1753|1909|10 Ramazan 1448
20270218|0524|0645|1224|1526|1754|1910|11 Ramazan 1448
20270219|0523|0643|1224|1527|1755|1910|12 Ramazan 1448
20270220|0522|0642|1224|1527|1756|1911|13 Ramazan 1448
20270221|0521|0641|1224|1528|1757|1912|14 Ramazan 1448
20270222|0520|0640|1224|1529|1758|1913|15 Ramazan 1448
20270223|0519|0638|1224|1530|1759|1914|16 Ramazan 1448
20270224|0517|0637|1224|1530|1800|1915|17 Ramazan 1448
20270225|0516|0636|1224|1531|1802|1916|18 Ramazan 1448
20270226|0515|0635|1224|1532|1803|1917|19 Ramazan 1448
20270227|0514|0633|1223|1532|1804|1918|20 Ramazan 1448
20270228|0512|0632|1223|1533|1805|1919|21 Ramazan 1448
20270301|0511|0631|1223|1534|1805|1920|22 Ramazan 1448
20270302|0510|0629|1223|1534|1806|1921|23 Ramazan 1448
20270303|0508|0628|1223|1535|1807|1922|24 Ramazan 1448
20270304|0507|0626|1222|1535|1808|1923|25 Ramazan 1448
20270305|0506|0625|1222|1536|1809|1924|26 Ramazan 1448
20270306|0504|0624|1222|1537|1810|1925|27 Ramazan 1448
20270307|0503|0622|1222|1537|1811|1926|28 Ramazan 1448
20270308|0501|0621|1221|1538|1812|1927|29 Ramazan 1448
20270309|0500|0619|1221|1538|1813|1928|1 Şevval 1448
20270310|0458|0618|1221|1539|1814|1929|2 Şevval 1448
20270311|0457|0616|1221|1539|1815|1930|3 Şevval 1448
20270312|0455|0615|1220|1540|1816|1931|4 Şevval 1448
20270313|0454|0613|1220|1540|1817|1931|5 Şevval 1448
20270314|0452|0612|1220|1541|1818|1932|6 Şevval 1448
20270315|0451|0611|1220|1541|1819|1933|7 Şevval 1448
20270316|0449|0609|1219|1542|1820|1934|8 Şevval 1448
20270317|0448|0608|1219|1542|1821|1935|9 Şevval 1448
20270318|0446|0606|1219|1542|1822|1936|10 Şevval 1448
20270319|0445|0605|1219|1543|1822|1937|11 Şevval 1448
20270320|0443|0603|1218|1543|1823|1938|12 Şevval 1448
20270321|0441|0602|1218|1544|1824|1939|13 Şevval 1448
20270322|0440|0600|1218|1544|1825|1940|14 Şevval 1448
20270323|0438|0559|1217|1544|1826|1941|15 Şevval 1448
20270324|0437|0557|1217|1545|1827|1942|16 Şevval 1448
20270325|0435|0556|1217|1545|1828|1943|17 Şevval 1448
20270326|0433|0554|1216|1545|1829|1944|18 Şevval 1448
20270327|0432|0553|1216|1546|1830|1945|19 Şevval 1448
20270328|0430|0551|1216|1546|1831|1946|20 Şevval 1448
20270329|0428|0550|1216|1546|1832|1947|21 Şevval 1448
20270330|0427|0548|1215|1547|1832|1949|22 Şevval 1448
20270331|0425|0547|1215|1547|1833|1950|23 Şevval 1448
20270401|0423|0545|1215|1547|1834|1951|24 Şevval 1448
20270402|0422|0544|1214|1548|1835|1952|25 Şevval 1448
20270403|0420|0542|1214|1548|1836|1953|26 Şevval 1448
20270404|0418|0541|1214|1548|1837|1954|27 Şevval 1448
20270405|0417|0539|1213|1548|1838|1955|28 Şevval 1448
20270406|0415|0538|1213|1549|1839|1956|29 Şevval 1448
20270407|0413|0536|1213|1549|1840|1957|30 Şevval 1448
20270408|0412|0535|1213|1549|1840|1958|1 Zilkade 1448
20270409|0410|0533|1212|1549|1841|1959|2 Zilkade 1448
20270410|0408|0532|1212|1550|1842|2000|3 Zilkade 1448
20270411|0407|0531|1212|1550|1843|2002|4 Zilkade 1448
20270412|0405|0529|1212|1550|1844|2003|5 Zilkade 1448
20270413|0403|0528|1211|1550|1845|2004|6 Zilkade 1448
20270414|0401|0526|1211|1550|1846|2005|7 Zilkade 1448
20270415|0400|0525|1211|1551|1847|2006|8 Zilkade 1448
20270416|0358|0524|1211|1551|1848|2007|9 Zilkade 1448
20270417|0356|0522|1210|1551|1848|2008|10 Zilkade 1448
20270418|0355|0521|1210|1551|1849|2010|11 Zilkade 1448
20270419|0353|0519|1210|1551|1850|2011|12 Zilkade 1448
20270420|0351|0518|1210|1552|1851|2012|13 Zilkade 1448
20270421|0350|0517|1209|1552|1852|2013|14 Zilkade 1448
20270422|0348|0516|1209|1552|1853|2014|15 Zilkade 1448
20270423|0347|0514|1209|1552|1854|2016|16 Zilkade 1448
20270424|0345|0513|1209|1552|1855|2017|17 Zilkade 1448
20270425|0343|0512|1209|1553|1856|2018|18 Zilkade 1448
20270426|0342|0510|1208|1553|1857|2019|19 Zilkade 1448
20270427|0340|0509|1208|1553|1857|2020|20 Zilkade 1448
20270428|0339|0508|1208|1553|1858|2022|21 Zilkade 1448
20270429|0337|0507|1208|1553|1859|2023|22 Zilkade 1448
20270430|0335|0506|1208|1553|1900|2024|23 Zilkade 1448
20270501|0334|0504|1208|1554|1901|2025|24 Zilkade 1448
20270502|0332|0503|1208|1554|1902|2027|25 Zilkade 1448
20270503|0331|0502|1208|1554|1903|2028|26 Zilkade 1448
20270504|0329|0501|1207|1554|1904|2029|27 Zilkade 1448
20270505|0328|0500|1207|1554|1905|2030|28 Zilkade 1448
20270506|0326|0459|1207|1554|1906|2032|29 Zilkade 1448
20270507|0325|0458|1207|1555|1906|2033|1 Zilhicce 1448
20270508|0324|0457|1207|1555|1907|2034|2 Zilhicce 1448
20270509|0322|0456|1207|1555|1908|2035|3 Zilhicce 1448
20270510|0321|0455|1207|1555|1909|2037|4 Zilhicce 1448
20270511|0319|0454|1207|1555|1910|2038|5 Zilhicce 1448
20270512|0318|0453|1207|1555|1911|2039|6 Zilhicce 1448
20270513|0317|0452|1207|1556|1912|2040|7 Zilhicce 1448
20270514|0315|0451|1207|1556|1913|2042|8 Zilhicce 1448
20270515|0314|0450|1207|1556|1913|2043|9 Zilhicce 1448
20270516|0313|0450|1207|1556|1914|2044|10 Zilhicce 1448
20270517|0312|0449|1207|1556|1915|2045|11 Zilhicce 1448
20270518|0311|0448|1207|1556|1916|2047|12 Zilhicce 1448
20270519|0309|0447|1207|1557|1917|2048|13 Zilhicce 1448
20270520|0308|0447|1207|1557|1918|2049|14 Zilhicce 1448
20270521|0307|0446|1207|1557|1918|2050|15 Zilhicce 1448
20270522|0306|0445|1207|1557|1919|2051|16 Zilhicce 1448
20270523|0305|0445|1207|1557|1920|2052|17 Zilhicce 1448
20270524|0304|0444|1207|1558|1921|2054|18 Zilhicce 1448
20270525|0303|0443|1207|1558|1922|2055|19 Zilhicce 1448
20270526|0302|0443|1208|1558|1922|2056|20 Zilhicce 1448
20270527|0301|0442|1208|1558|1923|2057|21 Zilhicce 1448
20270528|0300|0442|1208|1558|1924|2058|22 Zilhicce 1448
20270529|0259|0441|1208|1559|1925|2059|23 Zilhicce 1448
20270530|0259|0441|1208|1559|1925|2100|24 Zilhicce 1448
20270531|0258|0440|1208|1559|1926|2101|25 Zilhicce 1448
20270601|0257|0440|1208|1559|1927|2102|26 Zilhicce 1448
20270602|0257|0440|1208|1600|1927|2103|27 Zilhicce 1448
20270603|0256|0439|1209|1600|1928|2104|28 Zilhicce 1448
20270604|0255|0439|1209|1600|1929|2105|29 Zilhicce 1448
20270605|0255|0439|1209|1600|1929|2106|30 Zilhicce 1448
20270606|0254|0439|1209|1600|1930|2107|1 Muharrem 1449
20270607|0254|0438|1209|1601|1930|2107|2 Muharrem 1449
20270608|0253|0438|1210|1601|1931|2108|3 Muharrem 1449
20270609|0253|0438|1210|1601|1931|2109|4 Muharrem 1449
20270610|0253|0438|1210|1601|1932|2110|5 Muharrem 1449
20270611|0252|0438|1210|1602|1932|2110|6 Muharrem 1449
20270612|0252|0438|1210|1602|1933|2111|7 Muharrem 1449
20270613|0252|0438|1210|1602|1933|2111|8 Muharrem 1449
20270614|0252|0438|1211|1602|1934|2112|9 Muharrem 1449
20270615|0252|0438|1211|1603|1934|2113|10 Muharrem 1449
20270616|0252|0438|1211|1603|1935|2113|11 Muharrem 1449
20270617|0252|0438|1211|1603|1935|2113|12 Muharrem 1449
20270618|0252|0438|1212|1603|1935|2114|13 Muharrem 1449
20270619|0252|0438|1212|1603|1936|2114|14 Muharrem 1449
20270620|0252|0438|1212|1604|1936|2114|15 Muharrem 1449
20270621|0252|0438|1212|1604|1936|2115|16 Muharrem 1449
20270622|0252|0439|1212|1604|1936|2115|17 Muharrem 1449
20270623|0252|0439|1213|1604|1936|2115|18 Muharrem 1449
20270624|0253|0439|1213|1605|1937|2115|19 Muharrem 1449
20270625|0253|0439|1213|1605|1937|2115|20 Muharrem 1449
20270626|0253|0440|1213|1605|1937|2115|21 Muharrem 1449
20270627|0254|0440|1214|1605|1937|2115|22 Muharrem 1449
20270628|0254|0440|1214|1605|1937|2115|23 Muharrem 1449
20270629|0255|0441|1214|1606|1937|2115|24 Muharrem 1449
20270630|0255|0441|1214|1606|1937|2115|25 Muharrem 1449
20270701|0256|0442|1214|1606|1937|2115|26 Muharrem 1449
20270702|0257|0442|1215|1606|1937|2115|27 Muharrem 1449
20270703|0257|0443|1215|1606|1937|2114|28 Muharrem 1449
20270704|0258|0443|1215|1606|1937|2114|29 Muharrem 1449
20270705|0259|0444|1215|1606|1937|2114|1 Safer 1449
20270706|0300|0444|1215|1607|1936|2113|2 Safer 1449
20270707|0300|0445|1215|1607|1936|2113|3 Safer 1449
20270708|0301|0445|1216|1607|1936|2112|4 Safer 1449
20270709|0302|0446|1216|1607|1936|2112|5 Safer 1449
20270710|0303|0446|1216|1607|1935|2111|6 Safer 1449
20270711|0304|0447|1216|1607|1935|2111|7 Safer 1449
20270712|0305|0448|1216|1607|1935|2110|8 Safer 1449
20270713|0306|0448|1216|1607|1934|2109|9 Safer 1449
20270714|0307|0449|1216|1607|1934|2109|10 Safer 1449
20270715|0308|0450|1216|1607|1933|2108|11 Safer 1449
20270716|0309|0450|1217|1607|1933|2107|12 Safer 1449
20270717|0310|0451|1217|1607|1932|2106|13 Safer 1449
20270718|0311|0452|1217|1607|1932|2105|14 Safer 1449
20270719|0312|0453|1217|1607|1931|2104|15 Safer 1449
20270720|0313|0453|1217|1607|1931|2103|16 Safer 1449
20270721|0314|0454|1217|1607|1930|2103|17 Safer 1449
20270722|0316|0455|1217|1607|1929|2101|18 Safer 1449
20270723|0317|0456|1217|1607|1929|2100|19 Safer 1449
20270724|0318|0456|1217|1607|1928|2059|20 Safer 1449
20270725|0319|0457|1217|1607|1927|2058|21 Safer 1449
20270726|0320|0458|1217|1607|1926|2057|22 Safer 1449
20270727|0322|0459|1217|1607|1926|2056|23 Safer 1449
20270728|0323|0500|1217|1606|1925|2055|24 Safer 1449
20270729|0324|0500|1217|1606|1924|2054|25 Safer 1449
20270730|0325|0501|1217|1606|1923|2052|26 Safer 1449
20270731|0326|0502|1217|1606|1922|2051|27 Safer 1449
20270801|0328|0503|1217|1605|1921|2050|28 Safer 1449
20270802|0329|0504|1217|1605|1920|2048|29 Safer 1449
20270803|0330|0504|1217|1605|1919|2047|1 Rebiulevvel 1449
20270804|0331|0505|1217|1605|1918|2046|2 Rebiulevvel 1449
20270805|0333|0506|1217|1604|1917|2044|3 Rebiulevvel 1449
20270806|0334|0507|1217|1604|1916|2043|4 Rebiulevvel 1449
20270807|0335|0508|1216|1604|1915|2041|5 Rebiulevvel 1449
20270808|0336|0509|1216|1603|1914|2040|6 Rebiulevvel 1449
20270809|0338|0509|1216|1603|1913|2039|7 Rebiulevvel 1449
20270810|0339|0510|1216|1603|1912|2037|8 Rebiulevvel 1449
20270811|0340|0511|1216|1602|1911|2036|9 Rebiulevvel 1449
20270812|0341|0512|1216|1602|1910|2034|10 Rebiulevvel 1449
20270813|0342|0513|1216|1601|1908|2033|11 Rebiulevvel 1449
20270814|0344|0514|1215|1601|1907|2031|12 Rebiulevvel 1449
20270815|0345|0515|1215|1600|1906|2029|13 Rebiulevvel 1449
20270816|0346|0515|1215|1600|1905|2028|14 Rebiulevvel 1449
20270817|0347|0516|1215|1559|1903|2026|15 Rebiulevvel 1449
20270818|0348|0517|1215|1559|1902|2025|16 Rebiulevvel 1449
20270819|0350|0518|1214|1558|1901|2023|17 Rebiulevvel 1449
20270820|0351|0519|1214|1558|1900|2022|18 Rebiulevvel 1449
20270821|0352|0520|1214|1557|1858|2020|19 Rebiulevvel 1449
20270822|0353|0520|1214|1556|1857|2018|20 Rebiulevvel 1449
20270823|0354|0521|1213|1556|1856|2017|21 Rebiulevvel 1449
20270824|0356|0522|1213|1555|1854|2015|22 Rebiulevvel 1449
20270825|0357|0523|1213|1554|1853|2013|23 Rebiulevvel 1449
20270826|0358|0524|1213|1554|1851|2012|24 Rebiulevvel 1449
20270827|0359|0525|1212|1553|1850|2010|25 Rebiulevvel 1449
20270828|0400|0525|1212|1552|1849|2008|26 Rebiulevvel 1449
20270829|0401|0526|1212|1552|1847|2007|27 Rebiulevvel 1449
20270830|0402|0527|1211|1551|1846|2005|28 Rebiulevvel 1449
20270831|0403|0528|1211|1550|1844|2003|29 Rebiulevvel 1449
20270901|0404|0529|1211|1549|1843|2002|30 Rebiulevvel 1449
20270902|0406|0529|1210|1548|1842|2000|1 Rebiulahir 1449
20270903|0407|0530|1210|1548|1840|1958|2 Rebiulahir 1449
20270904|0408|0531|1210|1547|1839|1957|3 Rebiulahir 1449
20270905|0409|0532|1209|1546|1837|1955|4 Rebiulahir 1449
20270906|0410|0533|1209|1545|1836|1953|5 Rebiulahir 1449
20270907|0411|0534|1209|1544|1834|1951|6 Rebiulahir 1449
20270908|0412|0534|1208|1543|1833|1950|7 Rebiulahir 1449
20270909|0413|0535|1208|1542|1831|1948|8 Rebiulahir 1449
20270910|0414|0536|1208|1542|1830|1946|9 Rebiulahir 1449
20270911|0415|0537|1207|1541|1828|1945|10 Rebiulahir 1449
20270912|0416|0538|1207|1540|1827|1943|11 Rebiulahir 1449
20270913|0417|0538|1207|1539|1825|1941|12 Rebiulahir 1449
20270914|0418|0539|1206|1538|1823|1940|13 Rebiulahir 1449
20270915|0419|0540|1206|1537|1822|1938|14 Rebiulahir 1449
20270916|0420|0541|1206|1536|1820|1936|15 Rebiulahir 1449
20270917|0421|0542|1205|1535|1819|1935|16 Rebiulahir 1449
20270918|0422|0543|1205|1534|1817|1933|17 Rebiulahir 1449
20270919|0423|0543|1205|1533|1816|1931|18 Rebiulahir 1449
20270920|0424|0544|1204|1532|1814|1930|19 Rebiulahir 1449
20270921|0425|0545|1204|1531|1813|1928|20 Rebiulahir 1449
20270922|0426|0546|1204|1530|1811|1926|21 Rebiulahir 1449
20270923|0427|0547|1203|1529|1810|1925|22 Rebiulahir 1449
20270924|0427|0548|1203|1528|1808|1923|23 Rebiulahir 1449
20270925|0428|0548|1202|1527|1807|1921|24 Rebiulahir 1449
20270926|0429|0549|1202|1526|1805|1920|25 Rebiulahir 1449
20270927|0430|0550|1202|1525|1804|1918|26 Rebiulahir 1449
20270928|0431|0551|1201|1524|1802|1917|27 Rebiulahir 1449
20270929|0432|0552|1201|1523|1800|1915|28 Rebiulahir 1449
20270930|0433|0553|1201|1522|1759|1914|29 Rebiulahir 1449
20271001|0434|0553|1200|1521|1757|1912|1 Cemaziyelevvel 1449
20271002|0435|0554|1200|1520|1756|1910|2 Cemaziyelevvel 1449
20271003|0436|0555|1200|1518|1754|1909|3 Cemaziyelevvel 1449
20271004|0437|0556|1159|1517|1753|1907|4 Cemaziyelevvel 1449
20271005|0437|0557|1159|1516|1751|1906|5 Cemaziyelevvel 1449
20271006|0438|0558|1159|1515|1750|1904|6 Cemaziyelevvel 1449
20271007|0439|0559|1159|1514|1749|1903|7 Cemaziyelevvel 1449
20271008|0440|0600|1158|1513|1747|1901|8 Cemaziyelevvel 1449
20271009|0441|0600|1158|1512|1746|1900|9 Cemaziyelevvel 1449
20271010|0442|0601|1158|1511|1744|1859|10 Cemaziyelevvel 1449
20271011|0443|0602|1157|1510|1743|1857|11 Cemaziyelevvel 1449
20271012|0444|0603|1157|1509|1741|1856|12 Cemaziyelevvel 1449
20271013|0445|0604|1157|1508|1740|1854|13 Cemaziyelevvel 1449
20271014|0445|0605|1157|1507|1739|1853|14 Cemaziyelevvel 1449
20271015|0446|0606|1156|1506|1737|1852|15 Cemaziyelevvel 1449
20271016|0447|0607|1156|1505|1736|1850|16 Cemaziyelevvel 1449
20271017|0448|0608|1156|1504|1734|1849|17 Cemaziyelevvel 1449
20271018|0449|0609|1156|1503|1733|1848|18 Cemaziyelevvel 1449
20271019|0450|0610|1156|1502|1732|1846|19 Cemaziyelevvel 1449
20271020|0451|0611|1155|1501|1730|1845|20 Cemaziyelevvel 1449
20271021|0452|0612|1155|1500|1729|1844|21 Cemaziyelevvel 1449
20271022|0452|0612|1155|1459|1728|1843|22 Cemaziyelevvel 1449
20271023|0453|0613|1155|1458|1727|1842|23 Cemaziyelevvel 1449
20271024|0454|0614|1155|1457|1725|1840|24 Cemaziyelevvel 1449
20271025|0455|0615|1155|1456|1724|1839|25 Cemaziyelevvel 1449
20271026|0456|0616|1155|1455|1723|1838|26 Cemaziyelevvel 1449
20271027|0457|0617|1154|1454|1722|1837|27 Cemaziyelevvel 1449
20271028|0458|0618|1154|1453|1720|1836|28 Cemaziyelevvel 1449
20271029|0459|0619|1154|1452|1719|1835|29 Cemaziyelevvel 1449
20271030|0500|0620|1154|1451|1718|1834|30 Cemaziyelevvel 1449
20271031|0500|0621|1154|1450|1717|1833|1 Cemaziyelahir 1449
20271101|0501|0622|1154|1450|1716|1832|2 Cemaziyelahir 1449
20271102|0502|0623|1154|1449|1715|1831|3 Cemaziyelahir 1449
20271103|0503|0624|1154|1448|1714|1830|4 Cemaziyelahir 1449
20271104|0504|0625|1154|1447|1713|1829|5 Cemaziyelahir 1449
20271105|0505|0627|1154|1446|1712|1828|6 Cemaziyelahir 1449
20271106|0506|0628|1154|1445|1711|1827|7 Cemaziyelahir 1449
20271107|0507|0629|1154|1445|1710|1827|8 Cemaziyelahir 1449
20271108|0508|0630|1154|1444|1709|1826|9 Cemaziyelahir 1449
20271109|0509|0631|1154|1443|1708|1825|10 Cemaziyelahir 1449
20271110|0509|0632|1154|1443|1707|1824|11 Cemaziyelahir 1449
20271111|0510|0633|1154|1442|1706|1824|12 Cemaziyelahir 1449
20271112|0511|0634|1155|1441|1705|1823|13 Cemaziyelahir 1449
20271113|0512|0635|1155|1441|1705|1822|14 Cemaziyelahir 1449
20271114|0513|0636|1155|1440|1704|1822|15 Cemaziyelahir 1449
20271115|0514|0637|1155|1439|1703|1821|16 Cemaziyelahir 1449
20271116|0515|0638|1155|1439|1702|1820|17 Cemaziyelahir 1449
20271117|0516|0639|1155|1438|1702|1820|18 Cemaziyelahir 1449
20271118|0517|0640|1156|1438|1701|1819|19 Cemaziyelahir 1449
20271119|0518|0641|1156|1437|1700|1819|20 Cemaziyelahir 1449
20271120|0518|0642|1156|1437|1700|1818|21 Cemaziyelahir 1449
20271121|0519|0643|1156|1437|1659|1818|22 Cemaziyelahir 1449
20271122|0520|0644|1156|1436|1659|1818|23 Cemaziyelahir 1449
20271123|0521|0645|1157|1436|1658|1817|24 Cemaziyelahir 1449
20271124|0522|0646|1157|1435|1658|1817|25 Cemaziyelahir 1449
20271125|0523|0647|1157|1435|1657|1817|26 Cemaziyelahir 1449
20271126|0524|0648|1158|1435|1657|1816|27 Cemaziyelahir 1449
20271127|0525|0649|1158|1435|1657|1816|28 Cemaziyelahir 1449
20271128|0525|0650|1158|1434|1656|1816|29 Cemaziyelahir 1449
20271129|0526|0651|1159|1434|1656|1816|1 Recep 1449
20271130|0527|0652|1159|1434|1656|1816|2 Recep 1449
20271201|0528|0653|1159|1434|1655|1816|3 Recep 1449
20271202|0529|0654|1200|1434|1655|1815|4 Recep 1449
20271203|0530|0655|1200|1434|1655|1815|5 Recep 1449
20271204|0530|0656|1200|1434|1655|1815|6 Recep 1449
20271205|0531|0657|1201|1434|1655|1815|7 Recep 1449
20271206|0532|0658|1201|1434|1655|1815|8 Recep 1449
20271207|0533|0659|1202|1434|1655|1815|9 Recep 1449
20271208|0533|0659|1202|1434|1655|1816|10 Recep 1449
20271209|0534|0700|1203|1434|1655|1816|11 Recep 1449
20271210|0535|0701|1203|1434|1655|1816|12 Recep 1449
20271211|0536|0702|1203|1434|1655|1816|13 Recep 1449
20271212|0536|0703|1204|1434|1655|1816|14 Recep 1449
20271213|0537|0703|1204|1435|1655|1817|15 Recep 1449
20271214|0538|0704|1205|1435|1656|1817|16 Recep 1449
20271215|0538|0705|1205|1435|1656|1817|17 Recep 1449
20271216|0539|0705|1206|1435|1656|1817|18 Recep 1449
20271217|0540|0706|1206|1436|1657|1818|19 Recep 1449
20271218|0540|0707|1207|1436|1657|1818|20 Recep 1449
20271219|0541|0707|1207|1437|1657|1819|21 Recep 1449
20271220|0541|0708|1208|1437|1658|1819|22 Recep 1449
20271221|0542|0708|1208|1437|1658|1819|23 Recep 1449
20271222|0542|0709|1209|1438|1659|1820|24 Recep 1449
20271223|0543|0709|1209|1438|1659|1820|25 Recep 1449
20271224|0543|0710|1210|1439|1700|1821|26 Recep 1449
20271225|0544|0710|1210|1440|1700|1822|27 Recep 1449
20271226|0544|0711|1211|1440|1701|1822|28 Recep 1449
20271227|0545|0711|1211|1441|1701|1823|29 Recep 1449
20271228|0545|0711|1212|1441|1702|1823|30 Recep 1449
20271229|0545|0712|1212|1442|1703|1824|1 Şaban 1449
20271230|0546|0712|1213|1443|1703|1825|2 Şaban 1449
20271231|0546|0712|1213|1443|1704|1825|3 Şaban 1449
#@9507|Hakkari|HAKKARI|396
20261003|0435|0555|1159|1518|1754|1908|22 Rebiulahir 1448
20261004|0436|0556|1159|1516|1752|1907|23 Rebiulahir 1448
20261005|0437|0557|1159|1515|1751|1905|24 Rebiulahir 1448
20261006|0438|0558|1158|1514|1749|1904|25 Rebiulahir 1448
20261007|0439|0559|1158|1513|1748|1902|26 Rebiulahir 1448
20261008|0440|0559|1158|1512|1746|1901|27 Rebiulahir 1448
20261009|0441|0600|1157|1511|1745|1859|28 Rebiulahir 1448
20261010|0441|0601|1157|1510|1743|1858|29 Rebiulahir 1448
20261011|0442|0602|1157|1509|1742|1856|30 Rebiulahir 1448
20261012|0443|0603|1157|1508|1740|1855|1 Cemaziyelevvel 1448
20261013|0444|0604|1156|1507|1739|1854|2 Cemaziyelevvel 1448
20261014|0445|0605|1156|1506|1737|1852|3 Cemaziyelevvel 1448
20261015|0446|0606|1156|1505|1736|1851|4 Cemaziyelevvel 1448
20261016|0447|0607|1156|1504|1735|1850|5 Cemaziyelevvel 1448
20261017|0448|0608|1156|1503|1733|1848|6 Cemaziyelevvel 1448
20261018|0449|0609|1155|1502|1732|1847|7 Cemaziyelevvel 1448
20261019|0450|0610|1155|1501|1731|1846|8 Cemaziyelevvel 1448
20261020|0450|0611|1155|1500|1729|1844|9 Cemaziyelevvel 1448
20261021|0451|0612|1155|1459|1728|1843|10 Cemaziyelevvel 1448
20261022|0452|0613|1155|1458|1727|1842|11 Cemaziyelevvel 1448
20261023|0453|0614|1154|1457|1725|1841|12 Cemaziyelevvel 1448
20261024|0454|0615|1154|1456|1724|1840|13 Cemaziyelevvel 1448
20261025|0455|0616|1154|1455|1723|1838|14 Cemaziyelevvel 1448
20261026|0456|0617|1154|1454|1722|1837|15 Cemaziyelevvel 1448
20261027|0457|0618|1154|1453|1720|1836|16 Cemaziyelevvel 1448
20261028|0458|0619|1154|1452|1719|1835|17 Cemaziyelevvel 1448
20261029|0459|0620|1154|1451|1718|1834|18 Cemaziyelevvel 1448
20261030|0459|0621|1154|1450|1717|1833|19 Cemaziyelevvel 1448
20261031|0500|0622|1154|1449|1716|1832|20 Cemaziyelevvel 1448
20261101|0501|0623|1154|1448|1715|1831|21 Cemaziyelevvel 1448
20261102|0502|0624|1154|1447|1714|1830|22 Cemaziyelevvel 1448
20270101|0546|0713|1213|1443|1704|1825|23 Recep 1448
20270102|0546|0713|1214|1444|1705|1826|24 Recep 1448
20270103|0547|0713|1214|1444|1705|1827|25 Recep 1448
20270104|0547|0713|1215|1445|1706|1827|26 Recep 1448
20270105|0547|0713|1215|1446|1707|1828|27 Recep 1448
20270106|0547|0713|1216|1447|1708|1829|28 Recep 1448
20270107|0547|0713|1216|1448|1709|1830|29 Recep 1448
20270108|0547|0713|1216|1448|1710|1831|30 Recep 1448
20270109|0547|0713|1217|1449|1711|1831|1 Şaban 1448
20270110|0547|0713|1217|1450|1712|1832|2 Şaban 1448
20270111|0547|0713|1218|1451|1713|1833|3 Şaban 1448
20270112|0547|0713|1218|1452|1713|1834|4 Şaban 1448
20270113|0547|0713|1218|1453|1714|1835|5 Şaban 1448
20270114|0547|0712|1219|1454|1715|1836|6 Şaban 1448
20270115|0547|0712|1219|1455|1716|1837|7 Şaban 1448
20270116|0547|0712|1220|1455|1718|1837|8 Şaban 1448
20270117|0546|0711|1220|1456|1719|1838|9 Şaban 1448
20270118|0546|0711|1220|1457|1720|1839|10 Şaban 1448
20270119|0546|0711|1221|1458|1721|1840|11 Şaban 1448
20270120|0546|0710|1221|1459|1722|1841|12 Şaban 1448
20270121|0545|0710|1221|1500|1723|1842|13 Şaban 1448
20270122|0545|0709|1221|1501|1724|1843|14 Şaban 1448
20270123|0544|0709|1222|1502|1725|1844|15 Şaban 1448
20270124|0544|0708|1222|1503|1726|1845|16 Şaban 1448
20270125|0544|0707|1222|1504|1727|1846|17 Şaban 1448
20270126|0543|0707|1222|1505|1728|1847|18 Şaban 1448
20270127|0543|0706|1223|1506|1729|1848|19 Şaban 1448
20270128|0542|0705|1223|1507|1730|1849|20 Şaban 1448
20270129|0541|0705|1223|1508|1732|1850|21 Şaban 1448
20270130|0541|0704|1223|1509|1733|1851|22 Şaban 1448
20270131|0540|0703|1223|1510|1734|1852|23 Şaban 1448
20270201|0539|0702|1224|1510|1735|1853|24 Şaban 1448
20270202|0539|0701|1224|1511|1736|1853|25 Şaban 1448
20270203|0538|0701|1224|1512|1737|1854|26 Şaban 1448
20270204|0537|0700|1224|1513|1738|1855|27 Şaban 1448
20270205|0537|0659|1224|1514|1739|1856|28 Şaban 1448
20270206|0536|0658|1224|1515|1740|1857|29 Şaban 1448
20270207|0535|0657|1224|1516|1742|1858|30 Şaban 1448
20270208|0534|0656|1224|1517|1743|1859|1 Ramazan 1448
20270209|0533|0655|1224|1518|1744|1900|2 Ramazan 1448
20270210|0532|0654|1224|1519|1745|1901|3 Ramazan 1448
20270211|0531|0653|1224|1519|1746|1902|4 Ramazan 1448
20270212|0530|0652|1224|1520|1747|1903|5 Ramazan 1448
20270213|0529|0650|1224|1521|1748|1904|6 Ramazan 1448
20270214|0528|0649|1224|1522|1749|1905|7 Ramazan 1448
20270215|0527|0648|1224|1523|1750|1906|8 Ramazan 1448
20270216|0526|0647|1224|1523|1751|1907|9 Ramazan 1448
20270217|0525|0646|1224|1524|1752|1908|10 Ramazan 1448
20270218|0524|0645|1224|1525|1753|1909|11 Ramazan 1448
20270219|0523|0643|1224|1526|1754|1910|12 Ramazan 1448
20270220|0522|0642|1224|1527|1756|1911|13 Ramazan 1448
20270221|0521|0641|1224|1527|1757|1912|14 Ramazan 1448
20270222|0519|0640|1224|1528|1758|1913|15 Ramazan 1448
20270223|0518|0638|1223|1529|1759|1914|16 Ramazan 1448
20270224|0517|0637|1223|1529|1800|1915|17 Ramazan 1448
20270225|0516|0636|1223|1530|1801|1916|18 Ramazan 1448
20270226|0514|0634|1223|1531|1802|1917|19 Ramazan 1448
20270227|0513|0633|1223|1531|1803|1918|20 Ramazan 1448
20270228|0512|0632|1223|1532|1804|1919|21 Ramazan 1448
20270301|0510|0630|1223|1533|1805|1920|22 Ramazan 1448
20270302|0509|0629|1222|1533|1806|1921|23 Ramazan 1448
20270303|0508|0628|1222|1534|1807|1922|24 Ramazan 1448
20270304|0506|0626|1222|1535|1808|1923|25 Ramazan 1448
20270305|0505|0625|1222|1535|1809|1923|26 Ramazan 1448
20270306|0503|0623|1221|1536|1810|1924|27 Ramazan 1448
20270307|0502|0622|1221|1536|1811|1925|28 Ramazan 1448
20270308|0501|0620|1221|1537|1812|1926|29 Ramazan 1448
20270309|0459|0619|1221|1537|1813|1927|1 Şevval 1448
20270310|0458|0618|1221|1538|1814|1928|2 Şevval 1448
20270311|0456|0616|1220|1539|1815|1929|3 Şevval 1448
20270312|0455|0615|1220|1539|1815|1930|4 Şevval 1448
20270313|0453|0613|1220|1540|1816|1931|5 Şevval 1448
20270314|0452|0612|1219|1540|1817|1932|6 Şevval 1448
20270315|0450|0610|1219|1541|1818|1933|7 Şevval 1448
20270316|0448|0609|1219|1541|1819|1934|8 Şevval 1448
20270317|0447|0607|1219|1541|1820|1935|9 Şevval 1448
20270318|0445|0606|1218|1542|1821|1936|10 Şevval 1448
20270319|0444|0604|1218|1542|1822|1937|11 Şevval 1448
20270320|0442|0603|1218|1543|1823|1938|12 Şevval 1448
20270321|0440|0601|1217|1543|1824|1939|13 Şevval 1448
20270322|0439|0600|1217|1543|1825|1940|14 Şevval 1448
20270323|0437|0558|1217|1544|1826|1941|15 Şevval 1448
20270324|0436|0557|1217|1544|1827|1942|16 Şevval 1448
20270325|0434|0555|1216|1545|1828|1943|17 Şevval 1448
20270326|0432|0554|1216|1545|1828|1944|18 Şevval 1448
20270327|0431|0552|1216|1545|1829|1945|19 Şevval 1448
20270328|0429|0550|1215|1546|1830|1946|20 Şevval 1448
20270329|0427|0549|1215|1546|1831|1948|21 Şevval 1448
20270330|0426|0547|1215|1546|1832|1949|22 Şevval 1448
20270331|0424|0546|1214|1547|1833|1950|23 Şevval 1448
20270401|0422|0544|1214|1547|1834|1951|24 Şevval 1448
20270402|0421|0543|1214|1547|1835|1952|25 Şevval 1448
20270403|0419|0541|1214|1548|1836|1953|26 Şevval 1448
20270404|0417|0540|1213|1548|1837|1954|27 Şevval 1448
20270405|0415|0538|1213|1548|1837|1955|28 Şevval 1448
20270406|0414|0537|1213|1548|1838|1956|29 Şevval 1448
20270407|0412|0536|1212|1549|1839|1957|30 Şevval 1448
20270408|0410|0534|1212|1549|1840|1958|1 Zilkade 1448
20270409|0409|0533|1212|1549|1841|2000|2 Zilkade 1448
20270410|0407|0531|1212|1549|1842|2001|3 Zilkade 1448
20270411|0405|0530|1211|1550|1843|2002|4 Zilkade 1448
20270412|0404|0528|1211|1550|1844|2003|5 Zilkade 1448
20270413|0402|0527|1211|1550|1845|2004|6 Zilkade 1448
20270414|0400|0525|1211|1550|1846|2005|7 Zilkade 1448
20270415|0358|0524|1210|1550|1847|2006|8 Zilkade 1448
20270416|0357|0523|1210|1551|1847|2008|9 Zilkade 1448
20270417|0355|0521|1210|1551|1848|2009|10 Zilkade 1448
20270418|0353|0520|1210|1551|1849|2010|11 Zilkade 1448
20270419|0352|0519|1209|1551|1850|2011|12 Zilkade 1448
20270420|0350|0517|1209|1551|1851|2012|13 Zilkade 1448
20270421|0348|0516|1209|1552|1852|2014|14 Zilkade 1448
20270422|0347|0515|1209|1552|1853|2015|15 Zilkade 1448
20270423|0345|0513|1209|1552|1854|2016|16 Zilkade 1448
20270424|0343|0512|1208|1552|1855|2017|17 Zilkade 1448
20270425|0342|0511|1208|1552|1856|2019|18 Zilkade 1448
20270426|0340|0509|1208|1553|1857|2020|19 Zilkade 1448
20270427|0339|0508|1208|1553|1857|2021|20 Zilkade 1448
20270428|0337|0507|1208|1553|1858|2022|21 Zilkade 1448
20270429|0335|0506|1208|1553|1859|2024|22 Zilkade 1448
20270430|0334|0505|1207|1553|1900|2025|23 Zilkade 1448
20270501|0332|0503|1207|1553|1901|2026|24 Zilkade 1448
20270502|0331|0502|1207|1554|1902|2027|25 Zilkade 1448
20270503|0329|0501|1207|1554|1903|2029|26 Zilkade 1448
20270504|0328|0500|1207|1554|1904|2030|27 Zilkade 1448
20270505|0326|0459|1207|1554|1905|2031|28 Zilkade 1448
20270506|0325|0458|1207|1554|1906|2032|29 Zilkade 1448
20270507|0323|0457|1207|1555|1907|2034|1 Zilhicce 1448
20270508|0322|0456|1207|1555|1907|2035|2 Zilhicce 1448
20270509|0320|0455|1207|1555|1908|2036|3 Zilhicce 1448
20270510|0319|0454|1207|1555|1909|2038|4 Zilhicce 1448
20270511|0318|0453|1206|1555|1910|2039|5 Zilhicce 1448
20270512|0316|0452|1206|1555|1911|2040|6 Zilhicce 1448
20270513|0315|0451|1206|1556|1912|2041|7 Zilhicce 1448
20270514|0314|0450|1206|1556|1913|2043|8 Zilhicce 1448
20270515|0312|0449|1206|1556|1914|2044|9 Zilhicce 1448
20270516|0311|0448|1206|1556|1915|2045|10 Zilhicce 1448
20270517|0310|0448|1206|1556|1915|2046|11 Zilhicce 1448
20270518|0309|0447|1206|1557|1916|2048|12 Zilhicce 1448
20270519|0307|0446|1207|1557|1917|2049|13 Zilhicce 1448
20270520|0306|0445|1207|1557|1918|2050|14 Zilhicce 1448
20270521|0305|0445|1207|1557|1919|2051|15 Zilhicce 1448
20270522|0304|0444|1207|1557|1920|2052|16 Zilhicce 1448
20270523|0303|0443|1207|1558|1920|2054|17 Zilhicce 1448
20270524|0302|0443|1207|1558|1921|2055|18 Zilhicce 1448
20270525|0301|0442|1207|1558|1922|2056|19 Zilhicce 1448
20270526|0300|0441|1207|1558|1923|2057|20 Zilhicce 1448
20270527|0259|0441|1207|1558|1923|2058|21 Zilhicce 1448
20270528|0258|0440|1207|1559|1924|2059|22 Zilhicce 1448
20270529|0257|0440|1207|1559|1925|2100|23 Zilhicce 1448
20270530|0256|0439|1208|1559|1926|2101|24 Zilhicce 1448
20270531|0256|0439|1208|1559|1926|2102|25 Zilhicce 1448
20270601|0255|0439|1208|1600|1927|2103|26 Zilhicce 1448
20270602|0254|0438|1208|1600|1928|2104|27 Zilhicce 1448
20270603|0254|0438|1208|1600|1928|2105|28 Zilhicce 1448
20270604|0253|0438|1208|1600|1929|2106|29 Zilhicce 1448
20270605|0252|0437|1208|1600|1930|2107|30 Zilhicce 1448
20270606|0252|0437|1209|1601|1930|2108|1 Muharrem 1449
20270607|0251|0437|1209|1601|1931|2109|2 Muharrem 1449
20270608|0251|0437|1209|1601|1931|2109|3 Muharrem 1449
20270609|0251|0437|1209|1601|1932|2110|4 Muharrem 1449
20270610|0250|0436|1209|1602|1932|2111|5 Muharrem 1449
20270611|0250|0436|1210|1602|1933|2112|6 Muharrem 1449
20270612|0250|0436|1210|1602|1933|2112|7 Muharrem 1449
20270613|0249|0436|1210|1602|1934|2113|8 Muharrem 1449
20270614|0249|0436|1210|1603|1934|2113|9 Muharrem 1449
20270615|0249|0436|1210|1603|1935|2114|10 Muharrem 1449
20270616|0249|0436|1211|1603|1935|2114|11 Muharrem 1449
20270617|0249|0436|1211|1603|1935|2115|12 Muharrem 1449
20270618|0249|0436|1211|1603|1936|2115|13 Muharrem 1449
20270619|0249|0437|1211|1604|1936|2116|14 Muharrem 1449
20270620|0249|0437|1212|1604|1936|2116|15 Muharrem 1449
20270621|0249|0437|1212|1604|1937|2116|16 Muharrem 1449
20270622|0250|0437|1212|1604|1937|2116|17 Muharrem 1449
20270623|0250|0437|1212|1605|1937|2117|18 Muharrem 1449
20270624|0250|0438|1212|1605|1937|2117|19 Muharrem 1449
20270625|0251|0438|1213|1605|1937|2117|20 Muharrem 1449
20270626|0251|0438|1213|1605|1937|2117|21 Muharrem 1449
20270627|0251|0439|1213|1605|1937|2117|22 Muharrem 1449
20270628|0252|0439|1213|1606|1938|2117|23 Muharrem 1449
20270629|0252|0439|1213|1606|1938|2117|24 Muharrem 1449
20270630|0253|0440|1214|1606|1938|2117|25 Muharrem 1449
20270701|0254|0440|1214|1606|1937|2116|26 Muharrem 1449
20270702|0254|0441|1214|1606|1937|2116|27 Muharrem 1449
20270703|0255|0441|1214|1606|1937|2116|28 Muharrem 1449
20270704|0256|0442|1214|1607|1937|2116|29 Muharrem 1449
20270705|0256|0442|1215|1607|1937|2115|1 Safer 1449
20270706|0257|0443|1215|1607|1937|2115|2 Safer 1449
20270707|0258|0443|1215|1607|1937|2114|3 Safer 1449
20270708|0259|0444|1215|1607|1936|2114|4 Safer 1449
20270709|0300|0444|1215|1607|1936|2113|5 Safer 1449
20270710|0301|0445|1215|1607|1936|2113|6 Safer 1449
20270711|0302|0446|1216|1607|1935|2112|7 Safer 1449
20270712|0303|0446|1216|1607|1935|2111|8 Safer 1449
20270713|0304|0447|1216|1607|1935|2111|9 Safer 1449
20270714|0305|0448|1216|1607|1934|2110|10 Safer 1449
20270715|0306|0448|1216|1607|1934|2109|11 Safer 1449
20270716|0307|0449|1216|1607|1933|2108|12 Safer 1449
20270717|0308|0450|1216|1607|1933|2107|13 Safer 1449
20270718|0309|0451|1216|1607|1932|2107|14 Safer 1449
20270719|0310|0451|1216|1607|1932|2106|15 Safer 1449
20270720|0311|0452|1216|1607|1931|2105|16 Safer 1449
20270721|0312|0453|1216|1607|1930|2104|17 Safer 1449
20270722|0313|0454|1217|1607|1930|2103|18 Safer 1449
20270723|0315|0454|1217|1607|1929|2102|19 Safer 1449
20270724|0316|0455|1217|1607|1928|2100|20 Safer 1449
20270725|0317|0456|1217|1607|1927|2059|21 Safer 1449
20270726|0318|0457|1217|1607|1927|2058|22 Safer 1449
20270727|0319|0457|1217|1607|1926|2057|23 Safer 1449
20270728|0321|0458|1217|1606|1925|2056|24 Safer 1449
20270729|0322|0459|1217|1606|1924|2055|25 Safer 1449
20270730|0323|0500|1217|1606|1923|2053|26 Safer 1449
20270731|0324|0501|1217|1606|1922|2052|27 Safer 1449
20270801|0326|0502|1216|1606|1921|2051|28 Safer 1449
20270802|0327|0502|1216|1605|1920|2049|29 Safer 1449
20270803|0328|0503|1216|1605|1919|2048|1 Rebiulevvel 1449
20270804|0329|0504|1216|1605|1918|2047|2 Rebiulevvel 1449
20270805|0331|0505|1216|1604|1917|2045|3 Rebiulevvel 1449
20270806|0332|0506|1216|1604|1916|2044|4 Rebiulevvel 1449
20270807|0333|0507|1216|1604|1915|2042|5 Rebiulevvel 1449
20270808|0335|0508|1216|1603|1914|2041|6 Rebiulevvel 1449
20270809|0336|0508|1216|1603|1913|2039|7 Rebiulevvel 1449
20270810|0337|0509|1216|1602|1912|2038|8 Rebiulevvel 1449
20270811|0338|0510|1215|1602|1911|2036|9 Rebiulevvel 1449
20270812|0340|0511|1215|1602|1910|2035|10 Rebiulevvel 1449
20270813|0341|0512|1215|1601|1908|2033|11 Rebiulevvel 1449
20270814|0342|0513|1215|1601|1907|2032|12 Rebiulevvel 1449
20270815|0343|0513|1215|1600|1906|2030|13 Rebiulevvel 1449
20270816|0344|0514|1215|1600|1905|2029|14 Rebiulevvel 1449
20270817|0346|0515|1214|1559|1903|2027|15 Rebiulevvel 1449
20270818|0347|0516|1214|1559|1902|2025|16 Rebiulevvel 1449
20270819|0348|0517|1214|1558|1901|2024|17 Rebiulevvel 1449
20270820|0349|0518|1214|1557|1900|2022|18 Rebiulevvel 1449
20270821|0351|0519|1213|1557|1858|2020|19 Rebiulevvel 1449
20270822|0352|0519|1213|1556|1857|2019|20 Rebiulevvel 1449
20270823|0353|0520|1213|1555|1856|2017|21 Rebiulevvel 1449
20270824|0354|0521|1213|1555|1854|2015|22 Rebiulevvel 1449
20270825|0355|0522|1212|1554|1853|2014|23 Rebiulevvel 1449
20270826|0356|0523|1212|1553|1851|2012|24 Rebiulevvel 1449
20270827|0358|0524|1212|1553|1850|2010|25 Rebiulevvel 1449
20270828|0359|0525|1212|1552|1849|2009|26 Rebiulevvel 1449
20270829|0400|0525|1211|1551|1847|2007|27 Rebiulevvel 1449
20270830|0401|0526|1211|1551|1846|2005|28 Rebiulevvel 1449
20270831|0402|0527|1211|1550|1844|2004|29 Rebiulevvel 1449
20270901|0403|0528|1210|1549|1843|2002|30 Rebiulevvel 1449
20270902|0404|0529|1210|1548|1841|2000|1 Rebiulahir 1449
20270903|0405|0530|1210|1547|1840|1958|2 Rebiulahir 1449
20270904|0406|0530|1209|1546|1838|1957|3 Rebiulahir 1449
20270905|0408|0531|1209|1546|1837|1955|4 Rebiulahir 1449
20270906|0409|0532|1209|1545|1835|1953|5 Rebiulahir 1449
20270907|0410|0533|1208|1544|1834|1952|6 Rebiulahir 1449
20270908|0411|0534|1208|1543|1832|1950|7 Rebiulahir 1449
20270909|0412|0535|1208|1542|1831|1948|8 Rebiulahir 1449
20270910|0413|0535|1207|1541|1829|1946|9 Rebiulahir 1449
20270911|0414|0536|1207|1540|1828|1945|10 Rebiulahir 1449
20270912|0415|0537|1207|1539|1826|1943|11 Rebiulahir 1449
20270913|0416|0538|1206|1538|1825|1941|12 Rebiulahir 1449
20270914|0417|0539|1206|1537|1823|1940|13 Rebiulahir 1449
20270915|0418|0540|1206|1536|1822|1938|14 Rebiulahir 1449
20270916|0419|0540|1205|1535|1820|1936|15 Rebiulahir 1449
20270917|0420|0541|1205|1535|1819|1935|16 Rebiulahir 1449
20270918|0421|0542|1204|1534|1817|1933|17 Rebiulahir 1449
20270919|0422|0543|1204|1533|1815|1931|18 Rebiulahir 1449
20270920|0423|0544|1204|1531|1814|1930|19 Rebiulahir 1449
20270921|0424|0545|1203|1530|1812|1928|20 Rebiulahir 1449
20270922|0425|0545|1203|1529|1811|1926|21 Rebiulahir 1449
20270923|0426|0546|1203|1528|1809|1925|22 Rebiulahir 1449
20270924|0427|0547|1202|1527|1808|1923|23 Rebiulahir 1449
20270925|0427|0548|1202|1526|1806|1921|24 Rebiulahir 1449
20270926|0428|0549|1202|1525|1805|1920|25 Rebiulahir 1449
20270927|0429|0550|1201|1524|1803|1918|26 Rebiulahir 1449
20270928|0430|0550|1201|1523|1801|1917|27 Rebiulahir 1449
20270929|0431|0551|1201|1522|1800|1915|28 Rebiulahir 1449
20270930|0432|0552|1200|1521|1758|1913|29 Rebiulahir 1449
20271001|0433|0553|1200|1520|1757|1912|1 Cemaziyelevvel 1449
20271002|0434|0554|1200|1519|1755|1910|2 Cemaziyelevvel 1449
20271003|0435|0555|1159|1518|1754|1909|3 Cemaziyelevvel 1449
20271004|0436|0556|1159|1517|1752|1907|4 Cemaziyelevvel 1449
20271005|0437|0557|1159|1516|1751|1906|5 Cemaziyelevvel 1449
20271006|0438|0557|1158|1515|1749|1904|6 Cemaziyelevvel 1449
20271007|0439|0558|1158|1513|1748|1903|7 Cemaziyelevvel 1449
20271008|0439|0559|1158|1512|1746|1901|8 Cemaziyelevvel 1449
20271009|0440|0600|1158|1511|1745|1900|9 Cemaziyelevvel 1449
20271010|0441|0601|1157|1510|1743|1858|10 Cemaziyelevvel 1449
20271011|0442|0602|1157|1509|1742|1857|11 Cemaziyelevvel 1449
20271012|0443|0603|1157|1508|1741|1855|12 Cemaziyelevvel 1449
20271013|0444|0604|1156|1507|1739|1854|13 Cemaziyelevvel 1449
20271014|0445|0605|1156|1506|1738|1853|14 Cemaziyelevvel 1449
20271015|0446|0606|1156|1505|1736|1851|15 Cemaziyelevvel 1449
20271016|0447|0607|1156|1504|1735|1850|16 Cemaziyelevvel 1449
20271017|0448|0608|1156|1503|1734|1849|17 Cemaziyelevvel 1449
20271018|0448|0609|1155|1502|1732|1847|18 Cemaziyelevvel 1449
20271019|0449|0609|1155|1501|1731|1846|19 Cemaziyelevvel 1449
20271020|0450|0610|1155|1500|1730|1845|20 Cemaziyelevvel 1449
20271021|0451|0611|1155|1459|1728|1844|21 Cemaziyelevvel 1449
20271022|0452|0612|1155|1458|1727|1842|22 Cemaziyelevvel 1449
20271023|0453|0613|1155|1457|1726|1841|23 Cemaziyelevvel 1449
20271024|0454|0614|1154|1456|1724|1840|24 Cemaziyelevvel 1449
20271025|0455|0615|1154|1455|1723|1839|25 Cemaziyelevvel 1449
20271026|0456|0616|1154|1454|1722|1838|26 Cemaziyelevvel 1449
20271027|0457|0617|1154|1453|1721|1837|27 Cemaziyelevvel 1449
20271028|0457|0618|1154|1452|1720|1835|28 Cemaziyelevvel 1449
20271029|0458|0619|1154|1451|1718|1834|29 Cemaziyelevvel 1449
20271030|0459|0620|1154|1450|1717|1833|30 Cemaziyelevvel 1449
20271031|0500|0621|1154|1449|1716|1832|1 Cemaziyelahir 1449
20271101|0501|0622|1154|1448|1715|1831|2 Cemaziyelahir 1449
20271102|0502|0623|1154|1448|1714|1830|3 Cemaziyelahir 1449
20271103|0503|0625|1154|1447|1713|1829|4 Cemaziyelahir 1449
20271104|0504|0626|1154|1446|1712|1828|5 Cemaziyelahir 1449
20271105|0505|0627|1154|1445|1711|1828|6 Cemaziyelahir 1449
20271106|0506|0628|1154|1444|1710|1827|7 Cemaziyelahir 1449
20271107|0506|0629|1154|1444|1709|1826|8 Cemaziyelahir 1449
20271108|0507|0630|1154|1443|1708|1825|9 Cemaziyelahir 1449
20271109|0508|0631|1154|1442|1707|1824|10 Cemaziyelahir 1449
20271110|0509|0632|1154|1441|1706|1824|11 Cemaziyelahir 1449
20271111|0510|0633|1154|1441|1705|1823|12 Cemaziyelahir 1449
20271112|0511|0634|1154|1440|1704|1822|13 Cemaziyelahir 1449
20271113|0512|0635|1154|1439|1703|1821|14 Cemaziyelahir 1449
20271114|0513|0636|1154|1439|1703|1821|15 Cemaziyelahir 1449
20271115|0514|0637|1155|1438|1702|1820|16 Cemaziyelahir 1449
20271116|0515|0638|1155|1438|1701|1820|17 Cemaziyelahir 1449
20271117|0516|0639|1155|1437|1701|1819|18 Cemaziyelahir 1449
20271118|0517|0640|1155|1437|1700|1819|19 Cemaziyelahir 1449
20271119|0517|0641|1155|1436|1659|1818|20 Cemaziyelahir 1449
20271120|0518|0642|1156|1436|1659|1818|21 Cemaziyelahir 1449
20271121|0519|0643|1156|1435|1658|1817|22 Cemaziyelahir 1449
20271122|0520|0645|1156|1435|1658|1817|23 Cemaziyelahir 1449
20271123|0521|0646|1156|1435|1657|1816|24 Cemaziyelahir 1449
20271124|0522|0647|1157|1434|1657|1816|25 Cemaziyelahir 1449
20271125|0523|0648|1157|1434|1656|1816|26 Cemaziyelahir 1449
20271126|0524|0649|1157|1434|1656|1816|27 Cemaziyelahir 1449
20271127|0524|0650|1157|1433|1655|1815|28 Cemaziyelahir 1449
20271128|0525|0651|1158|1433|1655|1815|29 Cemaziyelahir 1449
20271129|0526|0652|1158|1433|1655|1815|1 Recep 1449
20271130|0527|0653|1158|1433|1654|1815|2 Recep 1449
20271201|0528|0654|1159|1433|1654|1815|3 Recep 1449
20271202|0529|0654|1159|1432|1654|1815|4 Recep 1449
20271203|0529|0655|1200|1432|1654|1814|5 Recep 1449
20271204|0530|0656|1200|1432|1654|1814|6 Recep 1449
20271205|0531|0657|1200|1432|1654|1814|7 Recep 1449
20271206|0532|0658|1201|1432|1654|1814|8 Recep 1449
20271207|0533|0659|1201|1432|1653|1815|9 Recep 1449
20271208|0533|0700|1202|1432|1653|1815|10 Recep 1449
20271209|0534|0701|1202|1433|1654|1815|11 Recep 1449
20271210|0535|0701|1203|1433|1654|1815|12 Recep 1449
20271211|0536|0702|1203|1433|1654|1815|13 Recep 1449
20271212|0536|0703|1203|1433|1654|1815|14 Recep 1449
20271213|0537|0704|1204|1433|1654|1816|15 Recep 1449
20271214|0538|0704|1204|1433|1654|1816|16 Recep 1449
20271215|0538|0705|1205|1434|1655|1816|17 Recep 1449
20271216|0539|0706|1205|1434|1655|1816|18 Recep 1449
20271217|0540|0707|1206|1434|1655|1817|19 Recep 1449
20271218|0540|0707|1206|1435|1655|1817|20 Recep 1449
20271219|0541|0708|1207|1435|1656|1818|21 Recep 1449
20271220|0541|0708|1207|1436|1656|1818|22 Recep 1449
20271221|0542|0709|1208|1436|1657|1819|23 Recep 1449
20271222|0542|0709|1208|1437|1657|1819|24 Recep 1449
20271223|0543|0710|1209|1437|1658|1820|25 Recep 1449
20271224|0543|0710|1209|1438|1658|1820|26 Recep 1449
20271225|0544|0711|1210|1438|1659|1821|27 Recep 1449
20271226|0544|0711|1210|1439|1659|1821|28 Recep 1449
20271227|0545|0711|1211|1439|1700|1822|29 Recep 1449
20271228|0545|0712|1211|1440|1701|1822|30 Recep 1449
20271229|0545|0712|1212|1441|1701|1823|1 Şaban 1449
20271230|0546|0712|1212|1441|1702|1824|2 Şaban 1449
20271231|0546|0713|1213|1442|1703|1824|3 Şaban 1449
#@9508|Şemdinli|HAKKARI|396
20261003|0432|0552|1156|1514|1750|1905|22 Rebiulahir 1448
20261004|0433|0552|1156|1513|1749|1903|23 Rebiulahir 1448
20261005|0434|0553|1155|1512|1747|1902|24 Rebiulahir 1448
20261006|0435|0554|1155|1511|1746|1900|25 Rebiulahir 1448
20261007|0436|0555|1155|1510|1744|1859|26 Rebiulahir 1448
20261008|0436|0556|1154|1509|1743|1857|27 Rebiulahir 1448
20261009|0437|0557|1154|1508|1741|1856|28 Rebiulahir 1448
20261010|0438|0558|1154|1507|1740|1854|29 Rebiulahir 1448
20261011|0439|0559|1154|1506|1739|1853|30 Rebiulahir 1448
20261012|0440|0600|1153|1505|1737|1852|1 Cemaziyelevvel 1448
20261013|0441|0600|1153|1504|1736|1850|2 Cemaziyelevvel 1448
20261014|0442|0601|1153|1503|1734|1849|3 Cemaziyelevvel 1448
20261015|0443|0602|1153|1502|1733|1848|4 Cemaziyelevvel 1448
20261016|0444|0603|1152|1501|1732|1846|5 Cemaziyelevvel 1448
20261017|0444|0604|1152|1500|1730|1845|6 Cemaziyelevvel 1448
20261018|0445|0605|1152|1459|1729|1844|7 Cemaziyelevvel 1448
20261019|0446|0606|1152|1458|1728|1842|8 Cemaziyelevvel 1448
20261020|0447|0607|1152|1457|1726|1841|9 Cemaziyelevvel 1448
20261021|0448|0608|1151|1456|1725|1840|10 Cemaziyelevvel 1448
20261022|0449|0609|1151|1455|1724|1839|11 Cemaziyelevvel 1448
20261023|0450|0610|1151|1454|1722|1837|12 Cemaziyelevvel 1448
20261024|0451|0611|1151|1453|1721|1836|13 Cemaziyelevvel 1448
20261025|0452|0612|1151|1452|1720|1835|14 Cemaziyelevvel 1448
20261026|0452|0613|1151|1451|1719|1834|15 Cemaziyelevvel 1448
20261027|0453|0614|1151|1450|1717|1833|16 Cemaziyelevvel 1448
20261028|0454|0615|1151|1449|1716|1832|17 Cemaziyelevvel 1448
20261029|0455|0616|1150|1448|1715|1831|18 Cemaziyelevvel 1448
20261030|0456|0617|1150|1447|1714|1830|19 Cemaziyelevvel 1448
20261031|0457|0618|1150|1446|1713|1829|20 Cemaziyelevvel 1448
20261101|0458|0619|1150|1445|1712|1828|21 Cemaziyelevvel 1448
20261102|0459|0620|1150|1445|1711|1827|22 Cemaziyelevvel 1448
20270101|0542|0709|1210|1440|1701|1822|23 Recep 1448
20270102|0543|0709|1210|1441|1702|1823|24 Recep 1448
20270103|0543|0709|1211|1442|1703|1824|25 Recep 1448
20270104|0543|0709|1211|1443|1704|1824|26 Recep 1448
20270105|0543|0709|1212|1443|1704|1825|27 Recep 1448
20270106|0543|0709|1212|1444|1705|1826|28 Recep 1448
20270107|0543|0709|1213|1445|1706|1827|29 Recep 1448
20270108|0543|0709|1213|1446|1707|1828|30 Recep 1448
20270109|0543|0709|1214|1447|1708|1828|1 Şaban 1448
20270110|0543|0709|1214|1447|1709|1829|2 Şaban 1448
20270111|0543|0709|1214|1448|1710|1830|3 Şaban 1448
20270112|0543|0709|1215|1449|1711|1831|4 Şaban 1448
20270113|0543|0708|1215|1450|1712|1832|5 Şaban 1448
20270114|0543|0708|1215|1451|1713|1833|6 Şaban 1448
20270115|0543|0708|1216|1452|1714|1834|7 Şaban 1448
20270116|0543|0708|1216|1453|1715|1834|8 Şaban 1448
20270117|0543|0707|1217|1454|1716|1835|9 Şaban 1448
20270118|0542|0707|1217|1455|1717|1836|10 Şaban 1448
20270119|0542|0706|1217|1456|1718|1837|11 Şaban 1448
20270120|0542|0706|1218|1457|1719|1838|12 Şaban 1448
20270121|0542|0706|1218|1457|1720|1839|13 Şaban 1448
20270122|0541|0705|1218|1458|1721|1840|14 Şaban 1448
20270123|0541|0705|1218|1459|1722|1841|15 Şaban 1448
20270124|0540|0704|1219|1500|1723|1842|16 Şaban 1448
20270125|0540|0703|1219|1501|1724|1843|17 Şaban 1448
20270126|0539|0703|1219|1502|1725|1844|18 Şaban 1448
20270127|0539|0702|1219|1503|1727|1845|19 Şaban 1448
20270128|0538|0701|1219|1504|1728|1846|20 Şaban 1448
20270129|0538|0701|1220|1505|1729|1847|21 Şaban 1448
20270130|0537|0700|1220|1506|1730|1847|22 Şaban 1448
20270131|0537|0659|1220|1507|1731|1848|23 Şaban 1448
20270201|0536|0658|1220|1508|1732|1849|24 Şaban 1448
20270202|0535|0657|1220|1509|1733|1850|25 Şaban 1448
20270203|0535|0657|1220|1509|1734|1851|26 Şaban 1448
20270204|0534|0656|1221|1510|1735|1852|27 Şaban 1448
20270205|0533|0655|1221|1511|1736|1853|28 Şaban 1448
20270206|0532|0654|1221|1512|1738|1854|29 Şaban 1448
20270207|0531|0653|1221|1513|1739|1855|30 Şaban 1448
20270208|0531|0652|1221|1514|1740|1856|1 Ramazan 1448
20270209|0530|0651|1221|1515|1741|1857|2 Ramazan 1448
20270210|0529|0650|1221|1516|1742|1858|3 Ramazan 1448
20270211|0528|0649|1221|1516|1743|1859|4 Ramazan 1448
20270212|0527|0648|1221|1517|1744|1900|5 Ramazan 1448
20270213|0526|0647|1221|1518|1745|1901|6 Ramazan 1448
20270214|0525|0646|1221|1519|1746|1902|7 Ramazan 1448
20270215|0524|0644|1221|1520|1747|1903|8 Ramazan 1448
20270216|0523|0643|1221|1521|1748|1904|9 Ramazan 1448
20270217|0522|0642|1221|1521|1749|1905|10 Ramazan 1448
20270218|0521|0641|1221|1522|1750|1906|11 Ramazan 1448
20270219|0520|0640|1221|1523|1751|1907|12 Ramazan 1448
20270220|0518|0639|1220|1524|1753|1908|13 Ramazan 1448
20270221|0517|0637|1220|1524|1754|1909|14 Ramazan 1448
20270222|0516|0636|1220|1525|1755|1910|15 Ramazan 1448
20270223|0515|0635|1220|1526|1756|1910|16 Ramazan 1448
20270224|0514|0633|1220|1526|1757|1911|17 Ramazan 1448
20270225|0512|0632|1220|1527|1758|1912|18 Ramazan 1448
20270226|0511|0631|1220|1528|1759|1913|19 Ramazan 1448
20270227|0510|0629|1220|1528|1800|1914|20 Ramazan 1448
20270228|0508|0628|1219|1529|1801|1915|21 Ramazan 1448
20270301|0507|0627|1219|1530|1802|1916|22 Ramazan 1448
20270302|0506|0625|1219|1530|1803|1917|23 Ramazan 1448
20270303|0504|0624|1219|1531|1804|1918|24 Ramazan 1448
20270304|0503|0623|1219|1532|1805|1919|25 Ramazan 1448
20270305|0502|0621|1218|1532|1806|1920|26 Ramazan 1448
20270306|0500|0620|1218|1533|1806|1921|27 Ramazan 1448
20270307|0459|0618|1218|1533|1807|1922|28 Ramazan 1448
20270308|0457|0617|1218|1534|1808|1923|29 Ramazan 1448
20270309|0456|0615|1217|1534|1809|1924|1 Şevval 1448
20270310|0454|0614|1217|1535|1810|1925|2 Şevval 1448
20270311|0453|0613|1217|1535|1811|1926|3 Şevval 1448
20270312|0452|0611|1217|1536|1812|1927|4 Şevval 1448
20270313|0450|0610|1216|1536|1813|1928|5 Şevval 1448
20270314|0448|0608|1216|1537|1814|1929|6 Şevval 1448
20270315|0447|0607|1216|1537|1815|1930|7 Şevval 1448
20270316|0445|0605|1216|1538|1816|1931|8 Şevval 1448
20270317|0444|0604|1215|1538|1817|1932|9 Şevval 1448
20270318|0442|0602|1215|1539|1818|1933|10 Şevval 1448
20270319|0441|0601|1215|1539|1819|1934|11 Şevval 1448
20270320|0439|0559|1214|1539|1820|1935|12 Şevval 1448
20270321|0437|0558|1214|1540|1820|1936|13 Şevval 1448
20270322|0436|0556|1214|1540|1821|1937|14 Şevval 1448
20270323|0434|0555|1214|1541|1822|1938|15 Şevval 1448
20270324|0433|0553|1213|1541|1823|1939|16 Şevval 1448
20270325|0431|0552|1213|1541|1824|1940|17 Şevval 1448
20270326|0429|0550|1213|1542|1825|1941|18 Şevval 1448
20270327|0428|0549|1212|1542|1826|1942|19 Şevval 1448
20270328|0426|0547|1212|1542|1827|1943|20 Şevval 1448
20270329|0424|0546|1212|1543|1828|1944|21 Şevval 1448
20270330|0423|0544|1211|1543|1829|1945|22 Şevval 1448
20270331|0421|0543|1211|1543|1829|1946|23 Şevval 1448
20270401|0419|0541|1211|1544|1830|1947|24 Şevval 1448
20270402|0418|0540|1210|1544|1831|1948|25 Şevval 1448
20270403|0416|0538|1210|1544|1832|1949|26 Şevval 1448
20270404|0414|0537|1210|1544|1833|1950|27 Şevval 1448
20270405|0413|0535|1210|1545|1834|1951|28 Şevval 1448
20270406|0411|0534|1209|1545|1835|1952|29 Şevval 1448
20270407|0409|0532|1209|1545|1836|1953|30 Şevval 1448
20270408|0408|0531|1209|1545|1837|1954|1 Zilkade 1448
20270409|0406|0530|1208|1546|1838|1956|2 Zilkade 1448
20270410|0404|0528|1208|1546|1838|1957|3 Zilkade 1448
20270411|0403|0527|1208|1546|1839|1958|4 Zilkade 1448
20270412|0401|0525|1208|1546|1840|1959|5 Zilkade 1448
20270413|0359|0524|1207|1546|1841|2000|6 Zilkade 1448
20270414|0358|0522|1207|1547|1842|2001|7 Zilkade 1448
20270415|0356|0521|1207|1547|1843|2002|8 Zilkade 1448
20270416|0354|0520|1207|1547|1844|2004|9 Zilkade 1448
20270417|0352|0518|1206|1547|1845|2005|10 Zilkade 1448
20270418|0351|0517|1206|1547|1846|2006|11 Zilkade 1448
20270419|0349|0516|1206|1548|1846|2007|12 Zilkade 1448
20270420|0348|0514|1206|1548|1847|2008|13 Zilkade 1448
20270421|0346|0513|1206|1548|1848|2009|14 Zilkade 1448
20270422|0344|0512|1205|1548|1849|2011|15 Zilkade 1448
20270423|0343|0510|1205|1548|1850|2012|16 Zilkade 1448
20270424|0341|0509|1205|1549|1851|2013|17 Zilkade 1448
20270425|0339|0508|1205|1549|1852|2014|18 Zilkade 1448
20270426|0338|0507|1205|1549|1853|2016|19 Zilkade 1448
20270427|0336|0505|1204|1549|1854|2017|20 Zilkade 1448
20270428|0335|0504|1204|1549|1855|2018|21 Zilkade 1448
20270429|0333|0503|1204|1549|1855|2019|22 Zilkade 1448
20270430|0331|0502|1204|1550|1856|2021|23 Zilkade 1448
20270501|0330|0501|1204|1550|1857|2022|24 Zilkade 1448
20270502|0328|0459|1204|1550|1858|2023|25 Zilkade 1448
20270503|0327|0458|1204|1550|1859|2024|26 Zilkade 1448
20270504|0325|0457|1204|1550|1900|2026|27 Zilkade 1448
20270505|0324|0456|1203|1550|1901|2027|28 Zilkade 1448
20270506|0322|0455|1203|1551|1902|2028|29 Zilkade 1448
20270507|0321|0454|1203|1551|1903|2029|1 Zilhicce 1448
20270508|0320|0453|1203|1551|1904|2031|2 Zilhicce 1448
20270509|0318|0452|1203|1551|1904|2032|3 Zilhicce 1448
20270510|0317|0451|1203|1551|1905|2033|4 Zilhicce 1448
20270511|0315|0450|1203|1551|1906|2034|5 Zilhicce 1448
20270512|0314|0449|1203|1552|1907|2036|6 Zilhicce 1448
20270513|0313|0448|1203|1552|1908|2037|7 Zilhicce 1448
20270514|0311|0447|1203|1552|1909|2038|8 Zilhicce 1448
20270515|0310|0447|1203|1552|1910|2039|9 Zilhicce 1448
20270516|0309|0446|1203|1552|1911|2041|10 Zilhicce 1448
20270517|0308|0445|1203|1553|1911|2042|11 Zilhicce 1448
20270518|0306|0444|1203|1553|1912|2043|12 Zilhicce 1448
20270519|0305|0443|1203|1553|1913|2044|13 Zilhicce 1448
20270520|0304|0443|1203|1553|1914|2045|14 Zilhicce 1448
20270521|0303|0442|1203|1553|1915|2047|15 Zilhicce 1448
20270522|0302|0441|1203|1554|1915|2048|16 Zilhicce 1448
20270523|0301|0441|1203|1554|1916|2049|17 Zilhicce 1448
20270524|0300|0440|1204|1554|1917|2050|18 Zilhicce 1448
20270525|0259|0439|1204|1554|1918|2051|19 Zilhicce 1448
20270526|0258|0439|1204|1554|1919|2052|20 Zilhicce 1448
20270527|0257|0438|1204|1555|1919|2053|21 Zilhicce 1448
20270528|0256|0438|1204|1555|1920|2054|22 Zilhicce 1448
20270529|0255|0437|1204|1555|1921|2055|23 Zilhicce 1448
20270530|0255|0437|1204|1555|1922|2057|24 Zilhicce 1448
20270531|0254|0436|1204|1555|1922|2058|25 Zilhicce 1448
20270601|0253|0436|1204|1556|1923|2058|26 Zilhicce 1448
20270602|0252|0436|1205|1556|1924|2059|27 Zilhicce 1448
20270603|0252|0435|1205|1556|1924|2100|28 Zilhicce 1448
20270604|0251|0435|1205|1556|1925|2101|29 Zilhicce 1448
20270605|0251|0435|1205|1557|1925|2102|30 Zilhicce 1448
20270606|0250|0435|1205|1557|1926|2103|1 Muharrem 1449
20270607|0250|0434|1205|1557|1927|2104|2 Muharrem 1449
20270608|0249|0434|1206|1557|1927|2105|3 Muharrem 1449
20270609|0249|0434|1206|1557|1928|2105|4 Muharrem 1449
20270610|0248|0434|1206|1558|1928|2106|5 Muharrem 1449
20270611|0248|0434|1206|1558|1929|2107|6 Muharrem 1449
20270612|0248|0434|1206|1558|1929|2107|7 Muharrem 1449
20270613|0248|0434|1207|1558|1930|2108|8 Muharrem 1449
20270614|0248|0434|1207|1559|1930|2108|9 Muharrem 1449
20270615|0247|0434|1207|1559|1931|2109|10 Muharrem 1449
20270616|0247|0434|1207|1559|1931|2109|11 Muharrem 1449
20270617|0247|0434|1208|1559|1931|2110|12 Muharrem 1449
20270618|0247|0434|1208|1600|1932|2110|13 Muharrem 1449
20270619|0248|0434|1208|1600|1932|2111|14 Muharrem 1449
20270620|0248|0434|1208|1600|1932|2111|15 Muharrem 1449
20270621|0248|0434|1208|1600|1932|2111|16 Muharrem 1449
20270622|0248|0435|1209|1600|1933|2111|17 Muharrem 1449
20270623|0248|0435|1209|1601|1933|2112|18 Muharrem 1449
20270624|0249|0435|1209|1601|1933|2112|19 Muharrem 1449
20270625|0249|0435|1209|1601|1933|2112|20 Muharrem 1449
20270626|0249|0436|1209|1601|1933|2112|21 Muharrem 1449
20270627|0250|0436|1210|1601|1933|2112|22 Muharrem 1449
20270628|0250|0436|1210|1602|1933|2112|23 Muharrem 1449
20270629|0251|0437|1210|1602|1933|2112|24 Muharrem 1449
20270630|0251|0437|1210|1602|1933|2112|25 Muharrem 1449
20270701|0252|0438|1210|1602|1933|2111|26 Muharrem 1449
20270702|0253|0438|1211|1602|1933|2111|27 Muharrem 1449
20270703|0253|0439|1211|1602|1933|2111|28 Muharrem 1449
20270704|0254|0439|1211|1603|1933|2111|29 Muharrem 1449
20270705|0255|0440|1211|1603|1933|2110|1 Safer 1449
20270706|0255|0440|1211|1603|1933|2110|2 Safer 1449
20270707|0256|0441|1212|1603|1932|2109|3 Safer 1449
20270708|0257|0441|1212|1603|1932|2109|4 Safer 1449
20270709|0258|0442|1212|1603|1932|2108|5 Safer 1449
20270710|0259|0443|1212|1603|1932|2108|6 Safer 1449
20270711|0300|0443|1212|1603|1931|2107|7 Safer 1449
20270712|0301|0444|1212|1603|1931|2107|8 Safer 1449
20270713|0302|0444|1212|1604|1930|2106|9 Safer 1449
20270714|0303|0445|1213|1604|1930|2105|10 Safer 1449
20270715|0304|0446|1213|1604|1930|2104|11 Safer 1449
20270716|0305|0446|1213|1604|1929|2104|12 Safer 1449
20270717|0306|0447|1213|1604|1929|2103|13 Safer 1449
20270718|0307|0448|1213|1604|1928|2102|14 Safer 1449
20270719|0308|0449|1213|1604|1927|2101|15 Safer 1449
20270720|0309|0449|1213|1604|1927|2100|16 Safer 1449
20270721|0310|0450|1213|1603|1926|2059|17 Safer 1449
20270722|0311|0451|1213|1603|1926|2058|18 Safer 1449
20270723|0313|0452|1213|1603|1925|2057|19 Safer 1449
20270724|0314|0452|1213|1603|1924|2056|20 Safer 1449
20270725|0315|0453|1213|1603|1923|2055|21 Safer 1449
20270726|0316|0454|1213|1603|1923|2054|22 Safer 1449
20270727|0317|0455|1213|1603|1922|2052|23 Safer 1449
20270728|0319|0456|1213|1603|1921|2051|24 Safer 1449
20270729|0320|0456|1213|1602|1920|2050|25 Safer 1449
20270730|0321|0457|1213|1602|1919|2049|26 Safer 1449
20270731|0322|0458|1213|1602|1918|2047|27 Safer 1449
20270801|0324|0459|1213|1602|1917|2046|28 Safer 1449
20270802|0325|0500|1213|1601|1916|2045|29 Safer 1449
20270803|0326|0501|1213|1601|1916|2043|1 Rebiulevvel 1449
20270804|0327|0501|1213|1601|1915|2042|2 Rebiulevvel 1449
20270805|0329|0502|1213|1601|1914|2041|3 Rebiulevvel 1449
20270806|0330|0503|1213|1600|1912|2039|4 Rebiulevvel 1449
20270807|0331|0504|1213|1600|1911|2038|5 Rebiulevvel 1449
20270808|0332|0505|1212|1600|1910|2036|6 Rebiulevvel 1449
20270809|0334|0506|1212|1559|1909|2035|7 Rebiulevvel 1449
20270810|0335|0506|1212|1559|1908|2033|8 Rebiulevvel 1449
20270811|0336|0507|1212|1558|1907|2032|9 Rebiulevvel 1449
20270812|0337|0508|1212|1558|1906|2030|10 Rebiulevvel 1449
20270813|0338|0509|1212|1557|1905|2029|11 Rebiulevvel 1449
20270814|0340|0510|1212|1557|1903|2027|12 Rebiulevvel 1449
20270815|0341|0511|1211|1556|1902|2026|13 Rebiulevvel 1449
20270816|0342|0511|1211|1556|1901|2024|14 Rebiulevvel 1449
20270817|0343|0512|1211|1555|1900|2023|15 Rebiulevvel 1449
20270818|0344|0513|1211|1555|1858|2021|16 Rebiulevvel 1449
20270819|0346|0514|1211|1554|1857|2019|17 Rebiulevvel 1449
20270820|0347|0515|1210|1554|1856|2018|18 Rebiulevvel 1449
20270821|0348|0516|1210|1553|1855|2016|19 Rebiulevvel 1449
20270822|0349|0516|1210|1553|1853|2015|20 Rebiulevvel 1449
20270823|0350|0517|1210|1552|1852|2013|21 Rebiulevvel 1449
20270824|0352|0518|1209|1551|1850|2011|22 Rebiulevvel 1449
20270825|0353|0519|1209|1551|1849|2010|23 Rebiulevvel 1449
20270826|0354|0520|1209|1550|1848|2008|24 Rebiulevvel 1449
20270827|0355|0521|1208|1549|1846|2006|25 Rebiulevvel 1449
20270828|0356|0521|1208|1548|1845|2005|26 Rebiulevvel 1449
20270829|0357|0522|1208|1548|1844|2003|27 Rebiulevvel 1449
20270830|0358|0523|1208|1547|1842|2001|28 Rebiulevvel 1449
20270831|0359|0524|1207|1546|1841|2000|29 Rebiulevvel 1449
20270901|0400|0525|1207|1545|1839|1958|30 Rebiulevvel 1449
20270902|0402|0526|1207|1545|1838|1956|1 Rebiulahir 1449
20270903|0403|0526|1206|1544|1836|1955|2 Rebiulahir 1449
20270904|0404|0527|1206|1543|1835|1953|3 Rebiulahir 1449
20270905|0405|0528|1206|1542|1833|1951|4 Rebiulahir 1449
20270906|0406|0529|1205|1541|1832|1949|5 Rebiulahir 1449
20270907|0407|0530|1205|1540|1830|1948|6 Rebiulahir 1449
20270908|0408|0531|1205|1540|1829|1946|7 Rebiulahir 1449
20270909|0409|0531|1204|1539|1827|1944|8 Rebiulahir 1449
20270910|0410|0532|1204|1538|1826|1943|9 Rebiulahir 1449
20270911|0411|0533|1204|1537|1824|1941|10 Rebiulahir 1449
20270912|0412|0534|1203|1536|1823|1939|11 Rebiulahir 1449
20270913|0413|0535|1203|1535|1821|1938|12 Rebiulahir 1449
20270914|0414|0535|1203|1534|1820|1936|13 Rebiulahir 1449
20270915|0415|0536|1202|1533|1818|1934|14 Rebiulahir 1449
20270916|0416|0537|1202|1532|1817|1933|15 Rebiulahir 1449
20270917|0417|0538|1201|1531|1815|1931|16 Rebiulahir 1449
20270918|0418|0539|1201|1530|1814|1929|17 Rebiulahir 1449
20270919|0419|0540|1201|1529|1812|1928|18 Rebiulahir 1449
20270920|0420|0540|1200|1528|1810|1926|19 Rebiulahir 1449
20270921|0421|0541|1200|1527|1809|1924|20 Rebiulahir 1449
20270922|0422|0542|1200|1526|1807|1923|21 Rebiulahir 1449
20270923|0423|0543|1159|1525|1806|1921|22 Rebiulahir 1449
20270924|0424|0544|1159|1524|1804|1919|23 Rebiulahir 1449
20270925|0424|0545|1159|1523|1803|1918|24 Rebiulahir 1449
20270926|0425|0545|1158|1522|1801|1916|25 Rebiulahir 1449
20270927|0426|0546|1158|1521|1800|1914|26 Rebiulahir 1449
20270928|0427|0547|1158|1520|1758|1913|27 Rebiulahir 1449
20270929|0428|0548|1157|1519|1757|1911|28 Rebiulahir 1449
20270930|0429|0549|1157|1518|1755|1910|29 Rebiulahir 1449
20271001|0430|0550|1157|1517|1754|1908|1 Cemaziyelevvel 1449
20271002|0431|0550|1156|1516|1752|1907|2 Cemaziyelevvel 1449
20271003|0432|0551|1156|1515|1751|1905|3 Cemaziyelevvel 1449
20271004|0433|0552|1156|1514|1749|1904|4 Cemaziyelevvel 1449
20271005|0434|0553|1155|1512|1748|1902|5 Cemaziyelevvel 1449
20271006|0434|0554|1155|1511|1746|1901|6 Cemaziyelevvel 1449
20271007|0435|0555|1155|1510|1745|1859|7 Cemaziyelevvel 1449
20271008|0436|0556|1154|1509|1743|1858|8 Cemaziyelevvel 1449
20271009|0437|0557|1154|1508|1742|1856|9 Cemaziyelevvel 1449
20271010|0438|0558|1154|1507|1740|1855|10 Cemaziyelevvel 1449
20271011|0439|0558|1154|1506|1739|1853|11 Cemaziyelevvel 1449
20271012|0440|0559|1153|1505|1737|1852|12 Cemaziyelevvel 1449
20271013|0441|0600|1153|1504|1736|1851|13 Cemaziyelevvel 1449
20271014|0442|0601|1153|1503|1735|1849|14 Cemaziyelevvel 1449
20271015|0442|0602|1153|1502|1733|1848|15 Cemaziyelevvel 1449
20271016|0443|0603|1152|1501|1732|1847|16 Cemaziyelevvel 1449
20271017|0444|0604|1152|1500|1731|1845|17 Cemaziyelevvel 1449
20271018|0445|0605|1152|1459|1729|1844|18 Cemaziyelevvel 1449
20271019|0446|0606|1152|1458|1728|1843|19 Cemaziyelevvel 1449
20271020|0447|0607|1152|1457|1727|1841|20 Cemaziyelevvel 1449
20271021|0448|0608|1151|1456|1725|1840|21 Cemaziyelevvel 1449
20271022|0449|0609|1151|1455|1724|1839|22 Cemaziyelevvel 1449
20271023|0450|0610|1151|1454|1723|1838|23 Cemaziyelevvel 1449
20271024|0450|0611|1151|1453|1721|1837|24 Cemaziyelevvel 1449
20271025|0451|0612|1151|1452|1720|1835|25 Cemaziyelevvel 1449
20271026|0452|0613|1151|1451|1719|1834|26 Cemaziyelevvel 1449
20271027|0453|0614|1151|1450|1718|1833|27 Cemaziyelevvel 1449
20271028|0454|0615|1151|1449|1717|1832|28 Cemaziyelevvel 1449
20271029|0455|0616|1150|1448|1715|1831|29 Cemaziyelevvel 1449
20271030|0456|0617|1150|1447|1714|1830|30 Cemaziyelevvel 1449
20271031|0457|0618|1150|1446|1713|1829|1 Cemaziyelahir 1449
20271101|0458|0619|1150|1446|1712|1828|2 Cemaziyelahir 1449
20271102|0458|0620|1150|1445|1711|1827|3 Cemaziyelahir 1449
20271103|0459|0621|1150|1444|1710|1826|4 Cemaziyelahir 1449
20271104|0500|0622|1150|1443|1709|1825|5 Cemaziyelahir 1449
20271105|0501|0623|1150|1442|1708|1824|6 Cemaziyelahir 1449
20271106|0502|0624|1150|1442|1707|1824|7 Cemaziyelahir 1449
20271107|0503|0625|1150|1441|1706|1823|8 Cemaziyelahir 1449
20271108|0504|0626|1150|1440|1705|1822|9 Cemaziyelahir 1449
20271109|0505|0627|1150|1439|1704|1821|10 Cemaziyelahir 1449
20271110|0506|0628|1151|1439|1703|1820|11 Cemaziyelahir 1449
20271111|0507|0629|1151|1438|1702|1820|12 Cemaziyelahir 1449
20271112|0507|0630|1151|1437|1701|1819|13 Cemaziyelahir 1449
20271113|0508|0631|1151|1437|1701|1818|14 Cemaziyelahir 1449
20271114|0509|0632|1151|1436|1700|1818|15 Cemaziyelahir 1449
20271115|0510|0633|1151|1436|1659|1817|16 Cemaziyelahir 1449
20271116|0511|0634|1151|1435|1658|1817|17 Cemaziyelahir 1449
20271117|0512|0635|1152|1434|1658|1816|18 Cemaziyelahir 1449
20271118|0513|0636|1152|1434|1657|1815|19 Cemaziyelahir 1449
20271119|0514|0637|1152|1433|1656|1815|20 Cemaziyelahir 1449
20271120|0515|0638|1152|1433|1656|1815|21 Cemaziyelahir 1449
20271121|0516|0639|1152|1433|1655|1814|22 Cemaziyelahir 1449
20271122|0516|0641|1153|1432|1655|1814|23 Cemaziyelahir 1449
20271123|0517|0642|1153|1432|1654|1813|24 Cemaziyelahir 1449
20271124|0518|0643|1153|1431|1654|1813|25 Cemaziyelahir 1449
20271125|0519|0644|1153|1431|1653|1813|26 Cemaziyelahir 1449
20271126|0520|0645|1154|1431|1653|1812|27 Cemaziyelahir 1449
20271127|0521|0646|1154|1431|1653|1812|28 Cemaziyelahir 1449
20271128|0522|0647|1154|1430|1652|1812|29 Cemaziyelahir 1449
20271129|0522|0648|1155|1430|1652|1812|1 Recep 1449
20271130|0523|0648|1155|1430|1652|1812|2 Recep 1449
20271201|0524|0649|1155|1430|1652|1812|3 Recep 1449
20271202|0525|0650|1156|1430|1651|1812|4 Recep 1449
20271203|0526|0651|1156|1430|1651|1811|5 Recep 1449
20271204|0527|0652|1157|1430|1651|1811|6 Recep 1449
20271205|0527|0653|1157|1430|1651|1811|7 Recep 1449
20271206|0528|0654|1157|1430|1651|1812|8 Recep 1449
20271207|0529|0655|1158|1430|1651|1812|9 Recep 1449
20271208|0530|0656|1158|1430|1651|1812|10 Recep 1449
20271209|0530|0657|1159|1430|1651|1812|11 Recep 1449
20271210|0531|0657|1159|1430|1651|1812|12 Recep 1449
20271211|0532|0658|1200|1430|1651|1812|13 Recep 1449
20271212|0533|0659|1200|1430|1651|1812|14 Recep 1449
20271213|0533|0700|1201|1431|1651|1813|15 Recep 1449
20271214|0534|0700|1201|1431|1652|1813|16 Recep 1449
20271215|0535|0701|1201|1431|1652|1813|17 Recep 1449
20271216|0535|0702|1202|1431|1652|1814|18 Recep 1449
20271217|0536|0702|1202|1432|1653|1814|19 Recep 1449
20271218|0536|0703|1203|1432|1653|1814|20 Recep 1449
20271219|0537|0704|1203|1433|1653|1815|21 Recep 1449
20271220|0538|0704|1204|1433|1654|1815|22 Recep 1449
20271221|0538|0705|1204|1433|1654|1816|23 Recep 1449
20271222|0539|0705|1205|1434|1655|1816|24 Recep 1449
20271223|0539|0706|1205|1434|1655|1817|25 Recep 1449
20271224|0539|0706|1206|1435|1656|1817|26 Recep 1449
20271225|0540|0707|1206|1436|1656|1818|27 Recep 1449
20271226|0540|0707|1207|1436|1657|1818|28 Recep 1449
20271227|0541|0707|1207|1437|1657|1819|29 Recep 1449
20271228|0541|0708|1208|1437|1658|1819|30 Recep 1449
20271229|0541|0708|1208|1438|1659|1820|1 Şaban 1449
20271230|0542|0708|1209|1439|1659|1821|2 Şaban 1449
20271231|0542|0709|1209|1439|1700|1821|3 Şaban 1449
#@9509|Yüksekova|HAKKARI|396
20261003|0433|0553|1157|1515|1751|1906|22 Rebiulahir 1448
20261004|0434|0554|1157|1514|1750|1905|23 Rebiulahir 1448
20261005|0435|0555|1156|1513|1748|1903|24 Rebiulahir 1448
20261006|0436|0556|1156|1512|1747|1902|25 Rebiulahir 1448
20261007|0437|0556|1156|1511|1745|1900|26 Rebiulahir 1448
20261008|0437|0557|1156|1510|1744|1859|27 Rebiulahir 1448
20261009|0438|0558|1155|1509|1742|1857|28 Rebiulahir 1448
20261010|0439|0559|1155|1508|1741|1856|29 Rebiulahir 1448
20261011|0440|0600|1155|1507|1740|1854|30 Rebiulahir 1448
20261012|0441|0601|1155|1506|1738|1853|1 Cemaziyelevvel 1448
20261013|0442|0602|1154|1505|1737|1852|2 Cemaziyelevvel 1448
20261014|0443|0603|1154|1504|1735|1850|3 Cemaziyelevvel 1448
20261015|0444|0604|1154|1503|1734|1849|4 Cemaziyelevvel 1448
20261016|0445|0605|1154|1502|1732|1847|5 Cemaziyelevvel 1448
20261017|0446|0606|1153|1500|1731|1846|6 Cemaziyelevvel 1448
20261018|0446|0607|1153|1459|1730|1845|7 Cemaziyelevvel 1448
20261019|0447|0608|1153|1458|1728|1844|8 Cemaziyelevvel 1448
20261020|0448|0609|1153|1457|1727|1842|9 Cemaziyelevvel 1448
20261021|0449|0609|1153|1456|1726|1841|10 Cemaziyelevvel 1448
20261022|0450|0610|1152|1455|1724|1840|11 Cemaziyelevvel 1448
20261023|0451|0611|1152|1454|1723|1839|12 Cemaziyelevvel 1448
20261024|0452|0612|1152|1453|1722|1837|13 Cemaziyelevvel 1448
20261025|0453|0613|1152|1452|1721|1836|14 Cemaziyelevvel 1448
20261026|0454|0614|1152|1452|1719|1835|15 Cemaziyelevvel 1448
20261027|0455|0615|1152|1451|1718|1834|16 Cemaziyelevvel 1448
20261028|0455|0616|1152|1450|1717|1833|17 Cemaziyelevvel 1448
20261029|0456|0617|1152|1449|1716|1832|18 Cemaziyelevvel 1448
20261030|0457|0618|1152|1448|1715|1831|19 Cemaziyelevvel 1448
20261031|0458|0620|1152|1447|1714|1830|20 Cemaziyelevvel 1448
20261101|0459|0621|1151|1446|1712|1829|21 Cemaziyelevvel 1448
20261102|0500|0622|1151|1445|1711|1828|22 Cemaziyelevvel 1448
20270101|0544|0711|1211|1441|1702|1823|23 Recep 1448
20270102|0544|0711|1212|1441|1702|1824|24 Recep 1448
20270103|0544|0711|1212|1442|1703|1825|25 Recep 1448
20270104|0545|0711|1213|1443|1704|1825|26 Recep 1448
20270105|0545|0711|1213|1444|1705|1826|27 Recep 1448
20270106|0545|0711|1213|1445|1706|1827|28 Recep 1448
20270107|0545|0711|1214|1445|1707|1828|29 Recep 1448
20270108|0545|0711|1214|1446|1708|1828|30 Recep 1448
20270109|0545|0711|1215|1447|1708|1829|1 Şaban 1448
20270110|0545|0711|1215|1448|1709|1830|2 Şaban 1448
20270111|0545|0711|1216|1449|1710|1831|3 Şaban 1448
20270112|0545|0711|1216|1450|1711|1832|4 Şaban 1448
20270113|0545|0710|1216|1451|1712|1833|5 Şaban 1448
20270114|0545|0710|1217|1451|1713|1834|6 Şaban 1448
20270115|0545|0710|1217|1452|1714|1834|7 Şaban 1448
20270116|0544|0709|1217|1453|1715|1835|8 Şaban 1448
20270117|0544|0709|1218|1454|1716|1836|9 Şaban 1448
20270118|0544|0709|1218|1455|1717|1837|10 Şaban 1448
20270119|0544|0708|1218|1456|1718|1838|11 Şaban 1448
20270120|0543|0708|1219|1457|1720|1839|12 Şaban 1448
20270121|0543|0707|1219|1458|1721|1840|13 Şaban 1448
20270122|0543|0707|1219|1459|1722|1841|14 Şaban 1448
20270123|0542|0706|1220|1500|1723|1842|15 Şaban 1448
20270124|0542|0706|1220|1501|1724|1843|16 Şaban 1448
20270125|0541|0705|1220|1502|1725|1844|17 Şaban 1448
20270126|0541|0704|1220|1503|1726|1845|18 Şaban 1448
20270127|0540|0704|1220|1504|1727|1846|19 Şaban 1448
20270128|0540|0703|1221|1505|1728|1846|20 Şaban 1448
20270129|0539|0702|1221|1506|1729|1847|21 Şaban 1448
20270130|0539|0702|1221|1506|1730|1848|22 Şaban 1448
20270131|0538|0701|1221|1507|1732|1849|23 Şaban 1448
20270201|0537|0700|1221|1508|1733|1850|24 Şaban 1448
20270202|0537|0659|1221|1509|1734|1851|25 Şaban 1448
20270203|0536|0658|1222|1510|1735|1852|26 Şaban 1448
20270204|0535|0657|1222|1511|1736|1853|27 Şaban 1448
20270205|0534|0657|1222|1512|1737|1854|28 Şaban 1448
20270206|0534|0656|1222|1513|1738|1855|29 Şaban 1448
20270207|0533|0655|1222|1514|1739|1856|30 Şaban 1448
20270208|0532|0654|1222|1515|1740|1857|1 Ramazan 1448
20270209|0531|0653|1222|1515|1742|1858|2 Ramazan 1448
20270210|0530|0652|1222|1516|1743|1859|3 Ramazan 1448
20270211|0529|0650|1222|1517|1744|1900|4 Ramazan 1448
20270212|0528|0649|1222|1518|1745|1901|5 Ramazan 1448
20270213|0527|0648|1222|1519|1746|1902|6 Ramazan 1448
20270214|0526|0647|1222|1520|1747|1903|7 Ramazan 1448
20270215|0525|0646|1222|1521|1748|1904|8 Ramazan 1448
20270216|0524|0645|1222|1521|1749|1905|9 Ramazan 1448
20270217|0523|0644|1222|1522|1750|1906|10 Ramazan 1448
20270218|0522|0642|1222|1523|1751|1907|11 Ramazan 1448
20270219|0521|0641|1222|1524|1752|1908|12 Ramazan 1448
20270220|0520|0640|1222|1524|1753|1909|13 Ramazan 1448
20270221|0518|0639|1222|1525|1754|1910|14 Ramazan 1448
20270222|0517|0637|1221|1526|1755|1911|15 Ramazan 1448
20270223|0516|0636|1221|1527|1756|1912|16 Ramazan 1448
20270224|0515|0635|1221|1527|1758|1913|17 Ramazan 1448
20270225|0513|0634|1221|1528|1759|1914|18 Ramazan 1448
20270226|0512|0632|1221|1529|1800|1915|19 Ramazan 1448
20270227|0511|0631|1221|1529|1801|1916|20 Ramazan 1448
20270228|0510|0630|1221|1530|1802|1916|21 Ramazan 1448
20270301|0508|0628|1220|1531|1803|1917|22 Ramazan 1448
20270302|0507|0627|1220|1531|1804|1918|23 Ramazan 1448
20270303|0506|0625|1220|1532|1805|1919|24 Ramazan 1448
20270304|0504|0624|1220|1532|1806|1920|25 Ramazan 1448
20270305|0503|0623|1220|1533|1807|1921|26 Ramazan 1448
20270306|0501|0621|1219|1534|1808|1922|27 Ramazan 1448
20270307|0500|0620|1219|1534|1808|1923|28 Ramazan 1448
20270308|0458|0618|1219|1535|1809|1924|29 Ramazan 1448
20270309|0457|0617|1219|1535|1810|1925|1 Şevval 1448
20270310|0455|0615|1218|1536|1811|1926|2 Şevval 1448
20270311|0454|0614|1218|1536|1812|1927|3 Şevval 1448
20270312|0452|0612|1218|1537|1813|1928|4 Şevval 1448
20270313|0451|0611|1218|1537|1814|1929|5 Şevval 1448
20270314|0449|0609|1217|1538|1815|1930|6 Şevval 1448
20270315|0448|0608|1217|1538|1816|1931|7 Şevval 1448
20270316|0446|0606|1217|1539|1817|1932|8 Şevval 1448
20270317|0445|0605|1216|1539|1818|1933|9 Şevval 1448
20270318|0443|0603|1216|1540|1819|1934|10 Şevval 1448
20270319|0442|0602|1216|1540|1820|1935|11 Şevval 1448
20270320|0440|0600|1216|1541|1821|1936|12 Şevval 1448
20270321|0438|0559|1215|1541|1822|1937|13 Şevval 1448
20270322|0437|0557|1215|1541|1823|1938|14 Şevval 1448
20270323|0435|0556|1215|1542|1824|1939|15 Şevval 1448
20270324|0433|0554|1214|1542|1824|1940|16 Şevval 1448
20270325|0432|0553|1214|1542|1825|1941|17 Şevval 1448
20270326|0430|0551|1214|1543|1826|1942|18 Şevval 1448
20270327|0428|0550|1213|1543|1827|1943|19 Şevval 1448
20270328|0427|0548|1213|1543|1828|1944|20 Şevval 1448
20270329|0425|0547|1213|1544|1829|1945|21 Şevval 1448
20270330|0423|0545|1213|1544|1830|1946|22 Şevval 1448
20270331|0422|0544|1212|1544|1831|1947|23 Şevval 1448
20270401|0420|0542|1212|1545|1832|1949|24 Şevval 1448
20270402|0418|0541|1212|1545|1833|1950|25 Şevval 1448
20270403|0417|0539|1211|1545|1834|1951|26 Şevval 1448
20270404|0415|0538|1211|1546|1834|1952|27 Şevval 1448
20270405|0413|0536|1211|1546|1835|1953|28 Şevval 1448
20270406|0412|0535|1211|1546|1836|1954|29 Şevval 1448
20270407|0410|0533|1210|1546|1837|1955|30 Şevval 1448
20270408|0408|0532|1210|1547|1838|1956|1 Zilkade 1448
20270409|0406|0530|1210|1547|1839|1957|2 Zilkade 1448
20270410|0405|0529|1209|1547|1840|1958|3 Zilkade 1448
20270411|0403|0528|1209|1547|1841|2000|4 Zilkade 1448
20270412|0401|0526|1209|1548|1842|2001|5 Zilkade 1448
20270413|0400|0525|1209|1548|1843|2002|6 Zilkade 1448
20270414|0358|0523|1208|1548|1843|2003|7 Zilkade 1448
20270415|0356|0522|1208|1548|1844|2004|8 Zilkade 1448
20270416|0355|0521|1208|1548|1845|2005|9 Zilkade 1448
20270417|0353|0519|1208|1549|1846|2007|10 Zilkade 1448
20270418|0351|0518|1207|1549|1847|2008|11 Zilkade 1448
20270419|0350|0516|1207|1549|1848|2009|12 Zilkade 1448
20270420|0348|0515|1207|1549|1849|2010|13 Zilkade 1448
20270421|0346|0514|1207|1549|1850|2011|14 Zilkade 1448
20270422|0345|0512|1207|1550|1851|2013|15 Zilkade 1448
20270423|0343|0511|1206|1550|1852|2014|16 Zilkade 1448
20270424|0341|0510|1206|1550|1853|2015|17 Zilkade 1448
20270425|0340|0509|1206|1550|1853|2016|18 Zilkade 1448
20270426|0338|0507|1206|1550|1854|2018|19 Zilkade 1448
20270427|0336|0506|1206|1551|1855|2019|20 Zilkade 1448
20270428|0335|0505|1206|1551|1856|2020|21 Zilkade 1448
20270429|0333|0504|1205|1551|1857|2021|22 Zilkade 1448
20270430|0332|0502|1205|1551|1858|2023|23 Zilkade 1448
20270501|0330|0501|1205|1551|1859|2024|24 Zilkade 1448
20270502|0329|0500|1205|1551|1900|2025|25 Zilkade 1448
20270503|0327|0459|1205|1552|1901|2026|26 Zilkade 1448
20270504|0326|0458|1205|1552|1902|2028|27 Zilkade 1448
20270505|0324|0457|1205|1552|1903|2029|28 Zilkade 1448
20270506|0323|0456|1205|1552|1903|2030|29 Zilkade 1448
20270507|0321|0455|1205|1552|1904|2032|1 Zilhicce 1448
20270508|0320|0454|1204|1553|1905|2033|2 Zilhicce 1448
20270509|0318|0453|1204|1553|1906|2034|3 Zilhicce 1448
20270510|0317|0452|1204|1553|1907|2035|4 Zilhicce 1448
20270511|0315|0451|1204|1553|1908|2037|5 Zilhicce 1448
20270512|0314|0450|1204|1553|1909|2038|6 Zilhicce 1448
20270513|0313|0449|1204|1553|1910|2039|7 Zilhicce 1448
20270514|0311|0448|1204|1554|1911|2040|8 Zilhicce 1448
20270515|0310|0447|1204|1554|1911|2042|9 Zilhicce 1448
20270516|0309|0446|1204|1554|1912|2043|10 Zilhicce 1448
20270517|0308|0445|1204|1554|1913|2044|11 Zilhicce 1448
20270518|0306|0445|1204|1554|1914|2045|12 Zilhicce 1448
20270519|0305|0444|1204|1555|1915|2047|13 Zilhicce 1448
20270520|0304|0443|1204|1555|1916|2048|14 Zilhicce 1448
20270521|0303|0442|1204|1555|1917|2049|15 Zilhicce 1448
20270522|0302|0442|1205|1555|1917|2050|16 Zilhicce 1448
20270523|0301|0441|1205|1555|1918|2051|17 Zilhicce 1448
20270524|0300|0440|1205|1556|1919|2053|18 Zilhicce 1448
20270525|0259|0440|1205|1556|1920|2054|19 Zilhicce 1448
20270526|0258|0439|1205|1556|1921|2055|20 Zilhicce 1448
20270527|0257|0439|1205|1556|1921|2056|21 Zilhicce 1448
20270528|0256|0438|1205|1556|1922|2057|22 Zilhicce 1448
20270529|0255|0438|1205|1557|1923|2058|23 Zilhicce 1448
20270530|0254|0437|1205|1557|1923|2059|24 Zilhicce 1448
20270531|0253|0437|1206|1557|1924|2100|25 Zilhicce 1448
20270601|0253|0436|1206|1557|1925|2101|26 Zilhicce 1448
20270602|0252|0436|1206|1558|1926|2102|27 Zilhicce 1448
20270603|0251|0436|1206|1558|1926|2103|28 Zilhicce 1448
20270604|0251|0435|1206|1558|1927|2104|29 Zilhicce 1448
20270605|0250|0435|1206|1558|1927|2105|30 Zilhicce 1448
20270606|0250|0435|1206|1558|1928|2106|1 Muharrem 1449
20270607|0249|0435|1207|1559|1929|2106|2 Muharrem 1449
20270608|0249|0435|1207|1559|1929|2107|3 Muharrem 1449
20270609|0248|0434|1207|1559|1930|2108|4 Muharrem 1449
20270610|0248|0434|1207|1559|1930|2109|5 Muharrem 1449
20270611|0248|0434|1207|1600|1931|2109|6 Muharrem 1449
20270612|0247|0434|1208|1600|1931|2110|7 Muharrem 1449
20270613|0247|0434|1208|1600|1932|2111|8 Muharrem 1449
20270614|0247|0434|1208|1600|1932|2111|9 Muharrem 1449
20270615|0247|0434|1208|1601|1932|2112|10 Muharrem 1449
20270616|0247|0434|1208|1601|1933|2112|11 Muharrem 1449
20270617|0247|0434|1209|1601|1933|2113|12 Muharrem 1449
20270618|0247|0434|1209|1601|1934|2113|13 Muharrem 1449
20270619|0247|0434|1209|1602|1934|2113|14 Muharrem 1449
20270620|0247|0435|1209|1602|1934|2114|15 Muharrem 1449
20270621|0247|0435|1210|1602|1934|2114|16 Muharrem 1449
20270622|0248|0435|1210|1602|1935|2114|17 Muharrem 1449
20270623|0248|0435|1210|1602|1935|2114|18 Muharrem 1449
20270624|0248|0436|1210|1603|1935|2114|19 Muharrem 1449
20270625|0248|0436|1210|1603|1935|2115|20 Muharrem 1449
20270626|0249|0436|1211|1603|1935|2115|21 Muharrem 1449
20270627|0249|0436|1211|1603|1935|2115|22 Muharrem 1449
20270628|0250|0437|1211|1603|1935|2115|23 Muharrem 1449
20270629|0250|0437|1211|1604|1935|2114|24 Muharrem 1449
20270630|0251|0438|1211|1604|1935|2114|25 Muharrem 1449
20270701|0251|0438|1212|1604|1935|2114|26 Muharrem 1449
20270702|0252|0439|1212|1604|1935|2114|27 Muharrem 1449
20270703|0253|0439|1212|1604|1935|2114|28 Muharrem 1449
20270704|0253|0440|1212|1604|1935|2113|29 Muharrem 1449
20270705|0254|0440|1212|1605|1935|2113|1 Safer 1449
20270706|0255|0441|1213|1605|1935|2113|2 Safer 1449
20270707|0256|0441|1213|1605|1934|2112|3 Safer 1449
20270708|0257|0442|1213|1605|1934|2112|4 Safer 1449
20270709|0258|0442|1213|1605|1934|2111|5 Safer 1449
20270710|0258|0443|1213|1605|1934|2110|6 Safer 1449
20270711|0259|0444|1213|1605|1933|2110|7 Safer 1449
20270712|0300|0444|1213|1605|1933|2109|8 Safer 1449
20270713|0301|0445|1214|1605|1932|2108|9 Safer 1449
20270714|0302|0446|1214|1605|1932|2108|10 Safer 1449
20270715|0303|0446|1214|1605|1932|2107|11 Safer 1449
20270716|0305|0447|1214|1605|1931|2106|12 Safer 1449
20270717|0306|0448|1214|1605|1930|2105|13 Safer 1449
20270718|0307|0448|1214|1605|1930|2104|14 Safer 1449
20270719|0308|0449|1214|1605|1929|2103|15 Safer 1449
20270720|0309|0450|1214|1605|1929|2102|16 Safer 1449
20270721|0310|0451|1214|1605|1928|2101|17 Safer 1449
20270722|0311|0451|1214|1605|1927|2100|18 Safer 1449
20270723|0312|0452|1214|1605|1927|2059|19 Safer 1449
20270724|0314|0453|1214|1605|1926|2058|20 Safer 1449
20270725|0315|0454|1214|1605|1925|2057|21 Safer 1449
20270726|0316|0455|1214|1605|1924|2056|22 Safer 1449
20270727|0317|0455|1214|1604|1924|2055|23 Safer 1449
20270728|0319|0456|1214|1604|1923|2054|24 Safer 1449
20270729|0320|0457|1214|1604|1922|2052|25 Safer 1449
20270730|0321|0458|1214|1604|1921|2051|26 Safer 1449
20270731|0322|0459|1214|1604|1920|2050|27 Safer 1449
20270801|0324|0459|1214|1603|1919|2048|28 Safer 1449
20270802|0325|0500|1214|1603|1918|2047|29 Safer 1449
20270803|0326|0501|1214|1603|1917|2046|1 Rebiulevvel 1449
20270804|0327|0502|1214|1603|1916|2044|2 Rebiulevvel 1449
20270805|0329|0503|1214|1602|1915|2043|3 Rebiulevvel 1449
20270806|0330|0504|1214|1602|1914|2042|4 Rebiulevvel 1449
20270807|0331|0504|1214|1601|1913|2040|5 Rebiulevvel 1449
20270808|0332|0505|1214|1601|1912|2039|6 Rebiulevvel 1449
20270809|0334|0506|1214|1601|1911|2037|7 Rebiulevvel 1449
20270810|0335|0507|1213|1600|1910|2036|8 Rebiulevvel 1449
20270811|0336|0508|1213|1600|1909|2034|9 Rebiulevvel 1449
20270812|0337|0509|1213|1559|1907|2033|10 Rebiulevvel 1449
20270813|0339|0510|1213|1559|1906|2031|11 Rebiulevvel 1449
20270814|0340|0510|1213|1558|1905|2029|12 Rebiulevvel 1449
20270815|0341|0511|1213|1558|1904|2028|13 Rebiulevvel 1449
20270816|0342|0512|1212|1557|1903|2026|14 Rebiulevvel 1449
20270817|0344|0513|1212|1557|1901|2025|15 Rebiulevvel 1449
20270818|0345|0514|1212|1556|1900|2023|16 Rebiulevvel 1449
20270819|0346|0515|1212|1556|1859|2021|17 Rebiulevvel 1449
20270820|0347|0516|1211|1555|1857|2020|18 Rebiulevvel 1449
20270821|0348|0516|1211|1555|1856|2018|19 Rebiulevvel 1449
20270822|0350|0517|1211|1554|1855|2017|20 Rebiulevvel 1449
20270823|0351|0518|1211|1553|1853|2015|21 Rebiulevvel 1449
20270824|0352|0519|1210|1553|1852|2013|22 Rebiulevvel 1449
20270825|0353|0520|1210|1552|1851|2012|23 Rebiulevvel 1449
20270826|0354|0521|1210|1551|1849|2010|24 Rebiulevvel 1449
20270827|0355|0521|1210|1551|1848|2008|25 Rebiulevvel 1449
20270828|0357|0522|1209|1550|1846|2007|26 Rebiulevvel 1449
20270829|0358|0523|1209|1549|1845|2005|27 Rebiulevvel 1449
20270830|0359|0524|1209|1548|1844|2003|28 Rebiulevvel 1449
20270831|0400|0525|1208|1548|1842|2001|29 Rebiulevvel 1449
20270901|0401|0526|1208|1547|1841|2000|30 Rebiulevvel 1449
20270902|0402|0527|1208|1546|1839|1958|1 Rebiulahir 1449
20270903|0403|0527|1208|1545|1838|1956|2 Rebiulahir 1449
20270904|0404|0528|1207|1544|1836|1955|3 Rebiulahir 1449
20270905|0405|0529|1207|1543|1835|1953|4 Rebiulahir 1449
20270906|0406|0530|1207|1543|1833|1951|5 Rebiulahir 1449
20270907|0407|0531|1206|1542|1832|1949|6 Rebiulahir 1449
20270908|0409|0532|1206|1541|1830|1948|7 Rebiulahir 1449
20270909|0410|0532|1205|1540|1829|1946|8 Rebiulahir 1449
20270910|0411|0533|1205|1539|1827|1944|9 Rebiulahir 1449
20270911|0412|0534|1205|1538|1826|1943|10 Rebiulahir 1449
20270912|0413|0535|1204|1537|1824|1941|11 Rebiulahir 1449
20270913|0414|0536|1204|1536|1823|1939|12 Rebiulahir 1449
20270914|0415|0537|1204|1535|1821|1937|13 Rebiulahir 1449
20270915|0416|0537|1203|1534|1819|1936|14 Rebiulahir 1449
20270916|0417|0538|1203|1533|1818|1934|15 Rebiulahir 1449
20270917|0418|0539|1203|1532|1816|1932|16 Rebiulahir 1449
20270918|0419|0540|1202|1531|1815|1931|17 Rebiulahir 1449
20270919|0420|0541|1202|1530|1813|1929|18 Rebiulahir 1449
20270920|0421|0542|1202|1529|1812|1927|19 Rebiulahir 1449
20270921|0422|0542|1201|1528|1810|1926|20 Rebiulahir 1449
20270922|0422|0543|1201|1527|1809|1924|21 Rebiulahir 1449
20270923|0423|0544|1201|1526|1807|1922|22 Rebiulahir 1449
20270924|0424|0545|1200|1525|1805|1921|23 Rebiulahir 1449
20270925|0425|0546|1200|1524|1804|1919|24 Rebiulahir 1449
20270926|0426|0547|1159|1523|1802|1918|25 Rebiulahir 1449
20270927|0427|0547|1159|1522|1801|1916|26 Rebiulahir 1449
20270928|0428|0548|1159|1521|1759|1914|27 Rebiulahir 1449
20270929|0429|0549|1158|1520|1758|1913|28 Rebiulahir 1449
20270930|0430|0550|1158|1519|1756|1911|29 Rebiulahir 1449
20271001|0431|0551|1158|1518|1755|1910|1 Cemaziyelevvel 1449
20271002|0432|0552|1157|1517|1753|1908|2 Cemaziyelevvel 1449
20271003|0433|0553|1157|1516|1752|1907|3 Cemaziyelevvel 1449
20271004|0434|0554|1157|1515|1750|1905|4 Cemaziyelevvel 1449
20271005|0435|0554|1157|1513|1749|1903|5 Cemaziyelevvel 1449
20271006|0435|0555|1156|1512|1747|1902|6 Cemaziyelevvel 1449
20271007|0436|0556|1156|1511|1746|1900|7 Cemaziyelevvel 1449
20271008|0437|0557|1156|1510|1744|1859|8 Cemaziyelevvel 1449
20271009|0438|0558|1155|1509|1743|1858|9 Cemaziyelevvel 1449
20271010|0439|0559|1155|1508|1741|1856|10 Cemaziyelevvel 1449
20271011|0440|0600|1155|1507|1740|1855|11 Cemaziyelevvel 1449
20271012|0441|0601|1155|1506|1738|1853|12 Cemaziyelevvel 1449
20271013|0442|0602|1154|1505|1737|1852|13 Cemaziyelevvel 1449
20271014|0443|0603|1154|1504|1736|1850|14 Cemaziyelevvel 1449
20271015|0444|0604|1154|1503|1734|1849|15 Cemaziyelevvel 1449
20271016|0444|0604|1154|1502|1733|1848|16 Cemaziyelevvel 1449
20271017|0445|0605|1153|1501|1731|1846|17 Cemaziyelevvel 1449
20271018|0446|0606|1153|1500|1730|1845|18 Cemaziyelevvel 1449
20271019|0447|0607|1153|1459|1729|1844|19 Cemaziyelevvel 1449
20271020|0448|0608|1153|1458|1727|1843|20 Cemaziyelevvel 1449
20271021|0449|0609|1153|1457|1726|1841|21 Cemaziyelevvel 1449
20271022|0450|0610|1152|1456|1725|1840|22 Cemaziyelevvel 1449
20271023|0451|0611|1152|1455|1723|1839|23 Cemaziyelevvel 1449
20271024|0452|0612|1152|1454|1722|1838|24 Cemaziyelevvel 1449
20271025|0453|0613|1152|1453|1721|1837|25 Cemaziyelevvel 1449
20271026|0453|0614|1152|1452|1720|1835|26 Cemaziyelevvel 1449
20271027|0454|0615|1152|1451|1719|1834|27 Cemaziyelevvel 1449
20271028|0455|0616|1152|1450|1717|1833|28 Cemaziyelevvel 1449
20271029|0456|0617|1152|1449|1716|1832|29 Cemaziyelevvel 1449
20271030|0457|0618|1152|1448|1715|1831|30 Cemaziyelevvel 1449
20271031|0458|0619|1152|1447|1714|1830|1 Cemaziyelahir 1449
20271101|0459|0620|1152|1446|1713|1829|2 Cemaziyelahir 1449
20271102|0500|0621|1151|1445|1712|1828|3 Cemaziyelahir 1449
20271103|0501|0622|1151|1445|1711|1827|4 Cemaziyelahir 1449
20271104|0502|0623|1151|1444|1710|1826|5 Cemaziyelahir 1449
20271105|0503|0624|1151|1443|1709|1825|6 Cemaziyelahir 1449
20271106|0503|0625|1151|1442|1708|1825|7 Cemaziyelahir 1449
20271107|0504|0627|1152|1441|1707|1824|8 Cemaziyelahir 1449
20271108|0505|0628|1152|1441|1706|1823|9 Cemaziyelahir 1449
20271109|0506|0629|1152|1440|1705|1822|10 Cemaziyelahir 1449
20271110|0507|0630|1152|1439|1704|1821|11 Cemaziyelahir 1449
20271111|0508|0631|1152|1439|1703|1821|12 Cemaziyelahir 1449
20271112|0509|0632|1152|1438|1702|1820|13 Cemaziyelahir 1449
20271113|0510|0633|1152|1437|1701|1819|14 Cemaziyelahir 1449
20271114|0511|0634|1152|1437|1701|1819|15 Cemaziyelahir 1449
20271115|0512|0635|1152|1436|1700|1818|16 Cemaziyelahir 1449
20271116|0513|0636|1153|1436|1659|1817|17 Cemaziyelahir 1449
20271117|0513|0637|1153|1435|1658|1817|18 Cemaziyelahir 1449
20271118|0514|0638|1153|1435|1658|1816|19 Cemaziyelahir 1449
20271119|0515|0639|1153|1434|1657|1816|20 Cemaziyelahir 1449
20271120|0516|0640|1153|1434|1656|1815|21 Cemaziyelahir 1449
20271121|0517|0641|1154|1433|1656|1815|22 Cemaziyelahir 1449
20271122|0518|0642|1154|1433|1655|1815|23 Cemaziyelahir 1449
20271123|0519|0643|1154|1432|1655|1814|24 Cemaziyelahir 1449
20271124|0520|0644|1154|1432|1654|1814|25 Cemaziyelahir 1449
20271125|0521|0645|1155|1432|1654|1814|26 Cemaziyelahir 1449
20271126|0521|0646|1155|1431|1654|1813|27 Cemaziyelahir 1449
20271127|0522|0647|1155|1431|1653|1813|28 Cemaziyelahir 1449
20271128|0523|0648|1156|1431|1653|1813|29 Cemaziyelahir 1449
20271129|0524|0649|1156|1431|1653|1813|1 Recep 1449
20271130|0525|0650|1156|1431|1652|1813|2 Recep 1449
20271201|0526|0651|1157|1430|1652|1812|3 Recep 1449
20271202|0526|0652|1157|1430|1652|1812|4 Recep 1449
20271203|0527|0653|1157|1430|1652|1812|5 Recep 1449
20271204|0528|0654|1158|1430|1652|1812|6 Recep 1449
20271205|0529|0655|1158|1430|1651|1812|7 Recep 1449
20271206|0530|0656|1159|1430|1651|1812|8 Recep 1449
20271207|0530|0657|1159|1430|1651|1812|9 Recep 1449
20271208|0531|0658|1159|1430|1651|1812|10 Recep 1449
20271209|0532|0658|1200|1430|1651|1813|11 Recep 1449
20271210|0533|0659|1200|1430|1651|1813|12 Recep 1449
20271211|0533|0700|1201|1431|1652|1813|13 Recep 1449
20271212|0534|0701|1201|1431|1652|1813|14 Recep 1449
20271213|0535|0702|1202|1431|1652|1813|15 Recep 1449
20271214|0535|0702|1202|1431|1652|1814|16 Recep 1449
20271215|0536|0703|1203|1432|1652|1814|17 Recep 1449
20271216|0537|0704|1203|1432|1653|1814|18 Recep 1449
20271217|0537|0704|1204|1432|1653|1815|19 Recep 1449
20271218|0538|0705|1204|1433|1653|1815|20 Recep 1449
20271219|0539|0706|1205|1433|1654|1815|21 Recep 1449
20271220|0539|0706|1205|1433|1654|1816|22 Recep 1449
20271221|0540|0707|1206|1434|1655|1816|23 Recep 1449
20271222|0540|0707|1206|1434|1655|1817|24 Recep 1449
20271223|0541|0708|1207|1435|1656|1817|25 Recep 1449
20271224|0541|0708|1207|1435|1656|1818|26 Recep 1449
20271225|0542|0709|1208|1436|1657|1818|27 Recep 1449
20271226|0542|0709|1208|1437|1657|1819|28 Recep 1449
20271227|0542|0709|1209|1437|1658|1820|29 Recep 1449
20271228|0543|0710|1209|1438|1659|1820|30 Recep 1449
20271229|0543|0710|1210|1438|1659|1821|1 Şaban 1449
20271230|0543|0710|1210|1439|1700|1822|2 Şaban 1449
20271231|0544|0710|1211|1440|1701|1822|3 Şaban 1449
