# diyanet | surum=diyanet-2026-10-03.1 | il=KILIS | yerlesim=4 | 2026-10-03..2027-12-31
#@9628|Elbeyli|KILIS|396
20261003|0501|0620|1224|1543|1819|1933|22 Rebiulahir 1448
20261004|0502|0621|1224|1542|1817|1931|23 Rebiulahir 1448
20261005|0503|0621|1224|1541|1816|1930|24 Rebiulahir 1448
20261006|0503|0622|1223|1540|1815|1928|25 Rebiulahir 1448
20261007|0504|0623|1223|1539|1813|1927|26 Rebiulahir 1448
20261008|0505|0624|1223|1538|1812|1925|27 Rebiulahir 1448
20261009|0506|0625|1223|1537|1810|1924|28 Rebiulahir 1448
20261010|0507|0626|1222|1536|1809|1923|29 Rebiulahir 1448
20261011|0508|0627|1222|1535|1807|1921|30 Rebiulahir 1448
20261012|0509|0628|1222|1534|1806|1920|1 Cemaziyelevvel 1448
20261013|0510|0628|1221|1533|1805|1918|2 Cemaziyelevvel 1448
20261014|0510|0629|1221|1532|1803|1917|3 Cemaziyelevvel 1448
20261015|0511|0630|1221|1531|1802|1916|4 Cemaziyelevvel 1448
20261016|0512|0631|1221|1530|1801|1915|5 Cemaziyelevvel 1448
20261017|0513|0632|1221|1529|1759|1913|6 Cemaziyelevvel 1448
20261018|0514|0633|1220|1528|1758|1912|7 Cemaziyelevvel 1448
20261019|0515|0634|1220|1527|1757|1911|8 Cemaziyelevvel 1448
20261020|0516|0635|1220|1526|1755|1910|9 Cemaziyelevvel 1448
20261021|0516|0636|1220|1525|1754|1908|10 Cemaziyelevvel 1448
20261022|0517|0637|1220|1524|1753|1907|11 Cemaziyelevvel 1448
20261023|0518|0638|1220|1523|1751|1906|12 Cemaziyelevvel 1448
20261024|0519|0639|1219|1522|1750|1905|13 Cemaziyelevvel 1448
20261025|0520|0640|1219|1521|1749|1904|14 Cemaziyelevvel 1448
20261026|0521|0640|1219|1520|1748|1903|15 Cemaziyelevvel 1448
20261027|0522|0641|1219|1519|1747|1902|16 Cemaziyelevvel 1448
20261028|0522|0642|1219|1518|1746|1901|17 Cemaziyelevvel 1448
20261029|0523|0643|1219|1517|1744|1859|18 Cemaziyelevvel 1448
20261030|0524|0644|1219|1517|1743|1858|19 Cemaziyelevvel 1448
20261031|0525|0645|1219|1516|1742|1857|20 Cemaziyelevvel 1448
20261101|0526|0646|1219|1515|1741|1857|21 Cemaziyelevvel 1448
20261102|0527|0647|1219|1514|1740|1856|22 Cemaziyelevvel 1448
20270101|0610|0735|1238|1510|1731|1852|23 Recep 1448
20270102|0610|0736|1239|1511|1732|1852|24 Recep 1448
20270103|0610|0736|1239|1512|1733|1853|25 Recep 1448
20270104|0611|0736|1240|1513|1734|1854|26 Recep 1448
20270105|0611|0736|1240|1513|1734|1855|27 Recep 1448
20270106|0611|0736|1241|1514|1735|1855|28 Recep 1448
20270107|0611|0736|1241|1515|1736|1856|29 Recep 1448
20270108|0611|0736|1242|1516|1737|1857|30 Recep 1448
20270109|0611|0736|1242|1517|1738|1858|1 Şaban 1448
20270110|0611|0736|1242|1517|1739|1858|2 Şaban 1448
20270111|0611|0736|1243|1518|1740|1859|3 Şaban 1448
20270112|0611|0736|1243|1519|1741|1900|4 Şaban 1448
20270113|0611|0735|1244|1520|1742|1901|5 Şaban 1448
20270114|0611|0735|1244|1521|1743|1902|6 Şaban 1448
20270115|0611|0735|1244|1522|1744|1903|7 Şaban 1448
20270116|0611|0735|1245|1523|1745|1904|8 Şaban 1448
20270117|0610|0734|1245|1524|1746|1904|9 Şaban 1448
20270118|0610|0734|1245|1525|1747|1905|10 Şaban 1448
20270119|0610|0733|1246|1525|1748|1906|11 Şaban 1448
20270120|0610|0733|1246|1526|1749|1907|12 Şaban 1448
20270121|0609|0733|1246|1527|1750|1908|13 Şaban 1448
20270122|0609|0732|1247|1528|1751|1909|14 Şaban 1448
20270123|0609|0732|1247|1529|1752|1910|15 Şaban 1448
20270124|0608|0731|1247|1530|1753|1911|16 Şaban 1448
20270125|0608|0730|1247|1531|1754|1912|17 Şaban 1448
20270126|0607|0730|1247|1532|1755|1913|18 Şaban 1448
20270127|0607|0729|1248|1533|1756|1914|19 Şaban 1448
20270128|0606|0729|1248|1534|1757|1915|20 Şaban 1448
20270129|0606|0728|1248|1535|1758|1915|21 Şaban 1448
20270130|0605|0727|1248|1536|1800|1916|22 Şaban 1448
20270131|0605|0726|1248|1536|1801|1917|23 Şaban 1448
20270201|0604|0726|1249|1537|1802|1918|24 Şaban 1448
20270202|0603|0725|1249|1538|1803|1919|25 Şaban 1448
20270203|0603|0724|1249|1539|1804|1920|26 Şaban 1448
20270204|0602|0723|1249|1540|1805|1921|27 Şaban 1448
20270205|0601|0722|1249|1541|1806|1922|28 Şaban 1448
20270206|0600|0721|1249|1542|1807|1923|29 Şaban 1448
20270207|0559|0720|1249|1543|1808|1924|30 Şaban 1448
20270208|0559|0719|1249|1543|1809|1925|1 Ramazan 1448
20270209|0558|0718|1249|1544|1810|1926|2 Ramazan 1448
20270210|0557|0717|1249|1545|1811|1927|3 Ramazan 1448
20270211|0556|0716|1249|1546|1812|1928|4 Ramazan 1448
20270212|0555|0715|1249|1547|1813|1929|5 Ramazan 1448
20270213|0554|0714|1249|1548|1814|1930|6 Ramazan 1448
20270214|0553|0713|1249|1548|1816|1930|7 Ramazan 1448
20270215|0552|0712|1249|1549|1817|1931|8 Ramazan 1448
20270216|0551|0711|1249|1550|1818|1932|9 Ramazan 1448
20270217|0550|0710|1249|1551|1819|1933|10 Ramazan 1448
20270218|0549|0709|1249|1551|1820|1934|11 Ramazan 1448
20270219|0548|0707|1249|1552|1821|1935|12 Ramazan 1448
20270220|0547|0706|1249|1553|1822|1936|13 Ramazan 1448
20270221|0546|0705|1249|1554|1823|1937|14 Ramazan 1448
20270222|0544|0704|1249|1554|1824|1938|15 Ramazan 1448
20270223|0543|0702|1249|1555|1825|1939|16 Ramazan 1448
20270224|0542|0701|1248|1556|1826|1940|17 Ramazan 1448
20270225|0541|0700|1248|1556|1827|1941|18 Ramazan 1448
20270226|0540|0659|1248|1557|1828|1942|19 Ramazan 1448
20270227|0538|0657|1248|1558|1829|1943|20 Ramazan 1448
20270228|0537|0656|1248|1558|1830|1943|21 Ramazan 1448
20270301|0536|0655|1248|1559|1831|1944|22 Ramazan 1448
20270302|0534|0653|1247|1559|1831|1945|23 Ramazan 1448
20270303|0533|0652|1247|1600|1832|1946|24 Ramazan 1448
20270304|0532|0651|1247|1601|1833|1947|25 Ramazan 1448
20270305|0530|0649|1247|1601|1834|1948|26 Ramazan 1448
20270306|0529|0648|1247|1602|1835|1949|27 Ramazan 1448
20270307|0528|0646|1246|1602|1836|1950|28 Ramazan 1448
20270308|0526|0645|1246|1603|1837|1951|29 Ramazan 1448
20270309|0525|0644|1246|1603|1838|1952|1 Şevval 1448
20270310|0523|0642|1246|1604|1839|1953|2 Şevval 1448
20270311|0522|0641|1245|1604|1840|1954|3 Şevval 1448
20270312|0520|0639|1245|1605|1841|1955|4 Şevval 1448
20270313|0519|0638|1245|1605|1842|1956|5 Şevval 1448
20270314|0517|0636|1245|1606|1843|1957|6 Şevval 1448
20270315|0516|0635|1244|1606|1844|1957|7 Şevval 1448
20270316|0514|0634|1244|1606|1844|1958|8 Şevval 1448
20270317|0513|0632|1244|1607|1845|1959|9 Şevval 1448
20270318|0511|0631|1243|1607|1846|2000|10 Şevval 1448
20270319|0510|0629|1243|1608|1847|2001|11 Şevval 1448
20270320|0508|0628|1243|1608|1848|2002|12 Şevval 1448
20270321|0507|0626|1243|1608|1849|2003|13 Şevval 1448
20270322|0505|0625|1242|1609|1850|2004|14 Şevval 1448
20270323|0504|0623|1242|1609|1851|2005|15 Şevval 1448
20270324|0502|0622|1242|1609|1851|2006|16 Şevval 1448
20270325|0500|0620|1241|1610|1852|2007|17 Şevval 1448
20270326|0459|0619|1241|1610|1853|2008|18 Şevval 1448
20270327|0457|0617|1241|1610|1854|2009|19 Şevval 1448
20270328|0455|0616|1240|1611|1855|2010|20 Şevval 1448
20270329|0454|0614|1240|1611|1856|2011|21 Şevval 1448
20270330|0452|0613|1240|1611|1857|2012|22 Şevval 1448
20270331|0451|0611|1240|1612|1858|2013|23 Şevval 1448
20270401|0449|0610|1239|1612|1858|2014|24 Şevval 1448
20270402|0447|0609|1239|1612|1859|2015|25 Şevval 1448
20270403|0446|0607|1239|1612|1900|2016|26 Şevval 1448
20270404|0444|0606|1238|1613|1901|2017|27 Şevval 1448
20270405|0442|0604|1238|1613|1902|2018|28 Şevval 1448
20270406|0441|0603|1238|1613|1903|2019|29 Şevval 1448
20270407|0439|0601|1237|1613|1904|2020|30 Şevval 1448
20270408|0437|0600|1237|1613|1905|2022|1 Zilkade 1448
20270409|0436|0558|1237|1614|1905|2023|2 Zilkade 1448
20270410|0434|0557|1237|1614|1906|2024|3 Zilkade 1448
20270411|0432|0556|1236|1614|1907|2025|4 Zilkade 1448
20270412|0431|0554|1236|1614|1908|2026|5 Zilkade 1448
20270413|0429|0553|1236|1615|1909|2027|6 Zilkade 1448
20270414|0428|0552|1236|1615|1910|2028|7 Zilkade 1448
20270415|0426|0550|1235|1615|1911|2029|8 Zilkade 1448
20270416|0424|0549|1235|1615|1911|2030|9 Zilkade 1448
20270417|0423|0547|1235|1615|1912|2032|10 Zilkade 1448
20270418|0421|0546|1235|1615|1913|2033|11 Zilkade 1448
20270419|0419|0545|1234|1616|1914|2034|12 Zilkade 1448
20270420|0418|0543|1234|1616|1915|2035|13 Zilkade 1448
20270421|0416|0542|1234|1616|1916|2036|14 Zilkade 1448
20270422|0415|0541|1234|1616|1917|2037|15 Zilkade 1448
20270423|0413|0540|1234|1616|1918|2038|16 Zilkade 1448
20270424|0411|0538|1233|1616|1918|2040|17 Zilkade 1448
20270425|0410|0537|1233|1617|1919|2041|18 Zilkade 1448
20270426|0408|0536|1233|1617|1920|2042|19 Zilkade 1448
20270427|0407|0535|1233|1617|1921|2043|20 Zilkade 1448
20270428|0405|0534|1233|1617|1922|2044|21 Zilkade 1448
20270429|0404|0532|1233|1617|1923|2046|22 Zilkade 1448
20270430|0402|0531|1232|1617|1924|2047|23 Zilkade 1448
20270501|0401|0530|1232|1617|1925|2048|24 Zilkade 1448
20270502|0359|0529|1232|1618|1925|2049|25 Zilkade 1448
20270503|0358|0528|1232|1618|1926|2050|26 Zilkade 1448
20270504|0356|0527|1232|1618|1927|2052|27 Zilkade 1448
20270505|0355|0526|1232|1618|1928|2053|28 Zilkade 1448
20270506|0353|0525|1232|1618|1929|2054|29 Zilkade 1448
20270507|0352|0524|1232|1618|1930|2055|1 Zilhicce 1448
20270508|0350|0523|1232|1618|1931|2057|2 Zilhicce 1448
20270509|0349|0522|1232|1619|1932|2058|3 Zilhicce 1448
20270510|0348|0521|1232|1619|1932|2059|4 Zilhicce 1448
20270511|0346|0520|1232|1619|1933|2100|5 Zilhicce 1448
20270512|0345|0519|1232|1619|1934|2101|6 Zilhicce 1448
20270513|0344|0518|1231|1619|1935|2103|7 Zilhicce 1448
20270514|0343|0517|1231|1619|1936|2104|8 Zilhicce 1448
20270515|0341|0516|1231|1620|1937|2105|9 Zilhicce 1448
20270516|0340|0516|1232|1620|1938|2106|10 Zilhicce 1448
20270517|0339|0515|1232|1620|1938|2107|11 Zilhicce 1448
20270518|0338|0514|1232|1620|1939|2109|12 Zilhicce 1448
20270519|0337|0513|1232|1620|1940|2110|13 Zilhicce 1448
20270520|0336|0513|1232|1620|1941|2111|14 Zilhicce 1448
20270521|0334|0512|1232|1621|1942|2112|15 Zilhicce 1448
20270522|0333|0511|1232|1621|1942|2113|16 Zilhicce 1448
20270523|0332|0511|1232|1621|1943|2114|17 Zilhicce 1448
20270524|0331|0510|1232|1621|1944|2115|18 Zilhicce 1448
20270525|0331|0509|1232|1621|1945|2117|19 Zilhicce 1448
20270526|0330|0509|1232|1622|1945|2118|20 Zilhicce 1448
20270527|0329|0508|1232|1622|1946|2119|21 Zilhicce 1448
20270528|0328|0508|1232|1622|1947|2120|22 Zilhicce 1448
20270529|0327|0507|1232|1622|1948|2121|23 Zilhicce 1448
20270530|0326|0507|1233|1622|1948|2122|24 Zilhicce 1448
20270531|0326|0507|1233|1623|1949|2123|25 Zilhicce 1448
20270601|0325|0506|1233|1623|1950|2124|26 Zilhicce 1448
20270602|0324|0506|1233|1623|1950|2125|27 Zilhicce 1448
20270603|0324|0506|1233|1623|1951|2126|28 Zilhicce 1448
20270604|0323|0505|1233|1623|1952|2126|29 Zilhicce 1448
20270605|0323|0505|1234|1624|1952|2127|30 Zilhicce 1448
20270606|0322|0505|1234|1624|1953|2128|1 Muharrem 1449
20270607|0322|0505|1234|1624|1953|2129|2 Muharrem 1449
20270608|0321|0504|1234|1624|1954|2130|3 Muharrem 1449
20270609|0321|0504|1234|1624|1954|2130|4 Muharrem 1449
20270610|0321|0504|1234|1625|1955|2131|5 Muharrem 1449
20270611|0320|0504|1235|1625|1955|2132|6 Muharrem 1449
20270612|0320|0504|1235|1625|1956|2132|7 Muharrem 1449
20270613|0320|0504|1235|1625|1956|2133|8 Muharrem 1449
20270614|0320|0504|1235|1626|1957|2133|9 Muharrem 1449
20270615|0320|0504|1236|1626|1957|2134|10 Muharrem 1449
20270616|0320|0504|1236|1626|1957|2134|11 Muharrem 1449
20270617|0320|0504|1236|1626|1958|2135|12 Muharrem 1449
20270618|0320|0504|1236|1627|1958|2135|13 Muharrem 1449
20270619|0320|0504|1236|1627|1958|2136|14 Muharrem 1449
20270620|0320|0504|1237|1627|1959|2136|15 Muharrem 1449
20270621|0320|0505|1237|1627|1959|2136|16 Muharrem 1449
20270622|0320|0505|1237|1627|1959|2136|17 Muharrem 1449
20270623|0320|0505|1237|1628|1959|2136|18 Muharrem 1449
20270624|0321|0505|1237|1628|2000|2137|19 Muharrem 1449
20270625|0321|0506|1238|1628|2000|2137|20 Muharrem 1449
20270626|0321|0506|1238|1628|2000|2137|21 Muharrem 1449
20270627|0322|0506|1238|1628|2000|2137|22 Muharrem 1449
20270628|0322|0507|1238|1629|2000|2137|23 Muharrem 1449
20270629|0323|0507|1239|1629|2000|2137|24 Muharrem 1449
20270630|0323|0508|1239|1629|2000|2137|25 Muharrem 1449
20270701|0324|0508|1239|1629|2000|2136|26 Muharrem 1449
20270702|0325|0508|1239|1629|2000|2136|27 Muharrem 1449
20270703|0325|0509|1239|1630|2000|2136|28 Muharrem 1449
20270704|0326|0509|1239|1630|2000|2136|29 Muharrem 1449
20270705|0327|0510|1240|1630|1959|2135|1 Safer 1449
20270706|0327|0510|1240|1630|1959|2135|2 Safer 1449
20270707|0328|0511|1240|1630|1959|2134|3 Safer 1449
20270708|0329|0511|1240|1630|1959|2134|4 Safer 1449
20270709|0330|0512|1240|1630|1959|2133|5 Safer 1449
20270710|0331|0513|1240|1630|1958|2133|6 Safer 1449
20270711|0332|0513|1241|1631|1958|2132|7 Safer 1449
20270712|0333|0514|1241|1631|1958|2132|8 Safer 1449
20270713|0334|0515|1241|1631|1957|2131|9 Safer 1449
20270714|0334|0515|1241|1631|1957|2130|10 Safer 1449
20270715|0335|0516|1241|1631|1956|2130|11 Safer 1449
20270716|0336|0517|1241|1631|1956|2129|12 Safer 1449
20270717|0338|0517|1241|1631|1955|2128|13 Safer 1449
20270718|0339|0518|1241|1631|1955|2127|14 Safer 1449
20270719|0340|0519|1241|1631|1954|2126|15 Safer 1449
20270720|0341|0519|1242|1631|1954|2125|16 Safer 1449
20270721|0342|0520|1242|1631|1953|2124|17 Safer 1449
20270722|0343|0521|1242|1631|1952|2123|18 Safer 1449
20270723|0344|0522|1242|1631|1952|2122|19 Safer 1449
20270724|0345|0522|1242|1630|1951|2121|20 Safer 1449
20270725|0346|0523|1242|1630|1950|2120|21 Safer 1449
20270726|0348|0524|1242|1630|1950|2119|22 Safer 1449
20270727|0349|0525|1242|1630|1949|2118|23 Safer 1449
20270728|0350|0525|1242|1630|1948|2117|24 Safer 1449
20270729|0351|0526|1242|1630|1947|2116|25 Safer 1449
20270730|0352|0527|1242|1630|1946|2114|26 Safer 1449
20270731|0353|0528|1242|1629|1945|2113|27 Safer 1449
20270801|0355|0529|1242|1629|1945|2112|28 Safer 1449
20270802|0356|0529|1241|1629|1944|2111|29 Safer 1449
20270803|0357|0530|1241|1629|1943|2109|1 Rebiulevvel 1449
20270804|0358|0531|1241|1628|1942|2108|2 Rebiulevvel 1449
20270805|0359|0532|1241|1628|1941|2107|3 Rebiulevvel 1449
20270806|0401|0533|1241|1628|1940|2105|4 Rebiulevvel 1449
20270807|0402|0533|1241|1627|1939|2104|5 Rebiulevvel 1449
20270808|0403|0534|1241|1627|1938|2103|6 Rebiulevvel 1449
20270809|0404|0535|1241|1627|1936|2101|7 Rebiulevvel 1449
20270810|0405|0536|1241|1626|1935|2100|8 Rebiulevvel 1449
20270811|0407|0537|1240|1626|1934|2058|9 Rebiulevvel 1449
20270812|0408|0538|1240|1626|1933|2057|10 Rebiulevvel 1449
20270813|0409|0538|1240|1625|1932|2055|11 Rebiulevvel 1449
20270814|0410|0539|1240|1625|1931|2054|12 Rebiulevvel 1449
20270815|0411|0540|1240|1624|1930|2052|13 Rebiulevvel 1449
20270816|0413|0541|1240|1624|1928|2051|14 Rebiulevvel 1449
20270817|0414|0542|1239|1623|1927|2049|15 Rebiulevvel 1449
20270818|0415|0542|1239|1623|1926|2048|16 Rebiulevvel 1449
20270819|0416|0543|1239|1622|1925|2046|17 Rebiulevvel 1449
20270820|0417|0544|1239|1622|1923|2044|18 Rebiulevvel 1449
20270821|0418|0545|1238|1621|1922|2043|19 Rebiulevvel 1449
20270822|0420|0546|1238|1620|1921|2041|20 Rebiulevvel 1449
20270823|0421|0547|1238|1620|1919|2040|21 Rebiulevvel 1449
20270824|0422|0547|1238|1619|1918|2038|22 Rebiulevvel 1449
20270825|0423|0548|1237|1618|1917|2036|23 Rebiulevvel 1449
20270826|0424|0549|1237|1618|1915|2035|24 Rebiulevvel 1449
20270827|0425|0550|1237|1617|1914|2033|25 Rebiulevvel 1449
20270828|0426|0551|1237|1616|1913|2031|26 Rebiulevvel 1449
20270829|0427|0551|1236|1616|1911|2030|27 Rebiulevvel 1449
20270830|0428|0552|1236|1615|1910|2028|28 Rebiulevvel 1449
20270831|0429|0553|1236|1614|1908|2027|29 Rebiulevvel 1449
20270901|0430|0554|1235|1613|1907|2025|30 Rebiulevvel 1449
20270902|0431|0555|1235|1613|1906|2023|1 Rebiulahir 1449
20270903|0433|0555|1235|1612|1904|2022|2 Rebiulahir 1449
20270904|0434|0556|1234|1611|1903|2020|3 Rebiulahir 1449
20270905|0435|0557|1234|1610|1901|2018|4 Rebiulahir 1449
20270906|0436|0558|1234|1609|1900|2017|5 Rebiulahir 1449
20270907|0437|0559|1233|1609|1858|2015|6 Rebiulahir 1449
20270908|0438|0559|1233|1608|1857|2013|7 Rebiulahir 1449
20270909|0439|0600|1233|1607|1855|2012|8 Rebiulahir 1449
20270910|0440|0601|1232|1606|1854|2010|9 Rebiulahir 1449
20270911|0441|0602|1232|1605|1852|2008|10 Rebiulahir 1449
20270912|0442|0603|1232|1604|1851|2007|11 Rebiulahir 1449
20270913|0442|0603|1231|1603|1849|2005|12 Rebiulahir 1449
20270914|0443|0604|1231|1602|1848|2003|13 Rebiulahir 1449
20270915|0444|0605|1231|1601|1846|2002|14 Rebiulahir 1449
20270916|0445|0606|1230|1601|1845|2000|15 Rebiulahir 1449
20270917|0446|0607|1230|1600|1843|1958|16 Rebiulahir 1449
20270918|0447|0607|1230|1559|1842|1957|17 Rebiulahir 1449
20270919|0448|0608|1229|1558|1840|1955|18 Rebiulahir 1449
20270920|0449|0609|1229|1557|1839|1953|19 Rebiulahir 1449
20270921|0450|0610|1228|1556|1837|1952|20 Rebiulahir 1449
20270922|0451|0611|1228|1555|1836|1950|21 Rebiulahir 1449
20270923|0452|0611|1228|1554|1834|1949|22 Rebiulahir 1449
20270924|0453|0612|1227|1553|1833|1947|23 Rebiulahir 1449
20270925|0454|0613|1227|1552|1831|1945|24 Rebiulahir 1449
20270926|0455|0614|1227|1551|1830|1944|25 Rebiulahir 1449
20270927|0455|0615|1226|1550|1828|1942|26 Rebiulahir 1449
20270928|0456|0615|1226|1549|1827|1941|27 Rebiulahir 1449
20270929|0457|0616|1226|1548|1825|1939|28 Rebiulahir 1449
20270930|0458|0617|1225|1547|1824|1938|29 Rebiulahir 1449
20271001|0459|0618|1225|1546|1822|1936|1 Cemaziyelevvel 1449
20271002|0500|0619|1225|1544|1821|1935|2 Cemaziyelevvel 1449
20271003|0501|0620|1224|1543|1819|1933|3 Cemaziyelevvel 1449
20271004|0502|0620|1224|1542|1818|1932|4 Cemaziyelevvel 1449
20271005|0502|0621|1224|1541|1816|1930|5 Cemaziyelevvel 1449
20271006|0503|0622|1223|1540|1815|1929|6 Cemaziyelevvel 1449
20271007|0504|0623|1223|1539|1813|1927|7 Cemaziyelevvel 1449
20271008|0505|0624|1223|1538|1812|1926|8 Cemaziyelevvel 1449
20271009|0506|0625|1223|1537|1811|1924|9 Cemaziyelevvel 1449
20271010|0507|0626|1222|1536|1809|1923|10 Cemaziyelevvel 1449
20271011|0508|0626|1222|1535|1808|1922|11 Cemaziyelevvel 1449
20271012|0508|0627|1222|1534|1806|1920|12 Cemaziyelevvel 1449
20271013|0509|0628|1222|1533|1805|1919|13 Cemaziyelevvel 1449
20271014|0510|0629|1221|1532|1804|1917|14 Cemaziyelevvel 1449
20271015|0511|0630|1221|1531|1802|1916|15 Cemaziyelevvel 1449
20271016|0512|0631|1221|1530|1801|1915|16 Cemaziyelevvel 1449
20271017|0513|0632|1221|1529|1800|1914|17 Cemaziyelevvel 1449
20271018|0514|0633|1220|1528|1758|1912|18 Cemaziyelevvel 1449
20271019|0514|0634|1220|1527|1757|1911|19 Cemaziyelevvel 1449
20271020|0515|0635|1220|1526|1756|1910|20 Cemaziyelevvel 1449
20271021|0516|0635|1220|1525|1754|1909|21 Cemaziyelevvel 1449
20271022|0517|0636|1220|1524|1753|1907|22 Cemaziyelevvel 1449
20271023|0518|0637|1220|1523|1752|1906|23 Cemaziyelevvel 1449
20271024|0519|0638|1219|1522|1751|1905|24 Cemaziyelevvel 1449
20271025|0520|0639|1219|1521|1749|1904|25 Cemaziyelevvel 1449
20271026|0521|0640|1219|1520|1748|1903|26 Cemaziyelevvel 1449
20271027|0521|0641|1219|1519|1747|1902|27 Cemaziyelevvel 1449
20271028|0522|0642|1219|1519|1746|1901|28 Cemaziyelevvel 1449
20271029|0523|0643|1219|1518|1745|1900|29 Cemaziyelevvel 1449
20271030|0524|0644|1219|1517|1744|1859|30 Cemaziyelevvel 1449
20271031|0525|0645|1219|1516|1742|1858|1 Cemaziyelahir 1449
20271101|0526|0646|1219|1515|1741|1857|2 Cemaziyelahir 1449
20271102|0527|0647|1219|1514|1740|1856|3 Cemaziyelahir 1449
20271103|0527|0648|1219|1513|1739|1855|4 Cemaziyelahir 1449
20271104|0528|0649|1219|1513|1738|1854|5 Cemaziyelahir 1449
20271105|0529|0650|1219|1512|1737|1853|6 Cemaziyelahir 1449
20271106|0530|0651|1219|1511|1736|1852|7 Cemaziyelahir 1449
20271107|0531|0652|1219|1510|1735|1852|8 Cemaziyelahir 1449
20271108|0532|0653|1219|1510|1735|1851|9 Cemaziyelahir 1449
20271109|0533|0654|1219|1509|1734|1850|10 Cemaziyelahir 1449
20271110|0534|0655|1219|1508|1733|1849|11 Cemaziyelahir 1449
20271111|0535|0656|1219|1508|1732|1849|12 Cemaziyelahir 1449
20271112|0535|0657|1219|1507|1731|1848|13 Cemaziyelahir 1449
20271113|0536|0658|1219|1506|1730|1847|14 Cemaziyelahir 1449
20271114|0537|0659|1219|1506|1730|1847|15 Cemaziyelahir 1449
20271115|0538|0700|1220|1505|1729|1846|16 Cemaziyelahir 1449
20271116|0539|0701|1220|1505|1728|1846|17 Cemaziyelahir 1449
20271117|0540|0702|1220|1504|1728|1845|18 Cemaziyelahir 1449
20271118|0541|0703|1220|1504|1727|1845|19 Cemaziyelahir 1449
20271119|0542|0704|1220|1503|1726|1844|20 Cemaziyelahir 1449
20271120|0542|0705|1221|1503|1726|1844|21 Cemaziyelahir 1449
20271121|0543|0706|1221|1502|1725|1843|22 Cemaziyelahir 1449
20271122|0544|0708|1221|1502|1725|1843|23 Cemaziyelahir 1449
20271123|0545|0709|1221|1502|1724|1842|24 Cemaziyelahir 1449
20271124|0546|0710|1222|1501|1724|1842|25 Cemaziyelahir 1449
20271125|0547|0711|1222|1501|1723|1842|26 Cemaziyelahir 1449
20271126|0548|0711|1222|1501|1723|1842|27 Cemaziyelahir 1449
20271127|0548|0712|1222|1501|1723|1841|28 Cemaziyelahir 1449
20271128|0549|0713|1223|1500|1722|1841|29 Cemaziyelahir 1449
20271129|0550|0714|1223|1500|1722|1841|1 Recep 1449
20271130|0551|0715|1224|1500|1722|1841|2 Recep 1449
20271201|0552|0716|1224|1500|1722|1841|3 Recep 1449
20271202|0553|0717|1224|1500|1721|1841|4 Recep 1449
20271203|0553|0718|1225|1500|1721|1841|5 Recep 1449
20271204|0554|0719|1225|1500|1721|1841|6 Recep 1449
20271205|0555|0720|1225|1500|1721|1841|7 Recep 1449
20271206|0556|0721|1226|1500|1721|1841|8 Recep 1449
20271207|0556|0722|1226|1500|1721|1841|9 Recep 1449
20271208|0557|0722|1227|1500|1721|1841|10 Recep 1449
20271209|0558|0723|1227|1500|1721|1841|11 Recep 1449
20271210|0559|0724|1228|1500|1721|1841|12 Recep 1449
20271211|0559|0725|1228|1500|1721|1842|13 Recep 1449
20271212|0600|0726|1228|1500|1721|1842|14 Recep 1449
20271213|0601|0726|1229|1501|1722|1842|15 Recep 1449
20271214|0601|0727|1229|1501|1722|1842|16 Recep 1449
20271215|0602|0728|1230|1501|1722|1843|17 Recep 1449
20271216|0603|0728|1230|1502|1722|1843|18 Recep 1449
20271217|0603|0729|1231|1502|1723|1843|19 Recep 1449
20271218|0604|0730|1231|1502|1723|1844|20 Recep 1449
20271219|0604|0730|1232|1503|1723|1844|21 Recep 1449
20271220|0605|0731|1232|1503|1724|1844|22 Recep 1449
20271221|0606|0731|1233|1504|1724|1845|23 Recep 1449
20271222|0606|0732|1233|1504|1725|1845|24 Recep 1449
20271223|0607|0732|1234|1505|1725|1846|25 Recep 1449
20271224|0607|0733|1234|1505|1726|1846|26 Recep 1449
20271225|0607|0733|1235|1506|1726|1847|27 Recep 1449
20271226|0608|0734|1235|1506|1727|1848|28 Recep 1449
20271227|0608|0734|1236|1507|1728|1848|29 Recep 1449
20271228|0609|0734|1236|1507|1728|1849|30 Recep 1449
20271229|0609|0735|1237|1508|1729|1849|1 Şaban 1449
20271230|0609|0735|1237|1509|1730|1850|2 Şaban 1449
20271231|0610|0735|1238|1509|1730|1851|3 Şaban 1449
#@9629|Kilis|KILIS|396
20261003|0502|0621|1226|1545|1820|1934|22 Rebiulahir 1448
20261004|0503|0622|1225|1544|1819|1933|23 Rebiulahir 1448
20261005|0504|0623|1225|1543|1817|1931|24 Rebiulahir 1448
20261006|0505|0624|1225|1541|1816|1930|25 Rebiulahir 1448
20261007|0506|0625|1225|1540|1814|1928|26 Rebiulahir 1448
20261008|0507|0625|1224|1539|1813|1927|27 Rebiulahir 1448
20261009|0507|0626|1224|1538|1812|1925|28 Rebiulahir 1448
20261010|0508|0627|1224|1537|1810|1924|29 Rebiulahir 1448
20261011|0509|0628|1223|1536|1809|1923|30 Rebiulahir 1448
20261012|0510|0629|1223|1535|1807|1921|1 Cemaziyelevvel 1448
20261013|0511|0630|1223|1534|1806|1920|2 Cemaziyelevvel 1448
20261014|0512|0631|1223|1533|1805|1919|3 Cemaziyelevvel 1448
20261015|0513|0632|1222|1532|1803|1917|4 Cemaziyelevvel 1448
20261016|0514|0633|1222|1531|1802|1916|5 Cemaziyelevvel 1448
20261017|0514|0633|1222|1530|1801|1915|6 Cemaziyelevvel 1448
20261018|0515|0634|1222|1529|1759|1913|7 Cemaziyelevvel 1448
20261019|0516|0635|1222|1528|1758|1912|8 Cemaziyelevvel 1448
20261020|0517|0636|1221|1527|1757|1911|9 Cemaziyelevvel 1448
20261021|0518|0637|1221|1526|1755|1910|10 Cemaziyelevvel 1448
20261022|0519|0638|1221|1525|1754|1909|11 Cemaziyelevvel 1448
20261023|0520|0639|1221|1524|1753|1907|12 Cemaziyelevvel 1448
20261024|0520|0640|1221|1523|1752|1906|13 Cemaziyelevvel 1448
20261025|0521|0641|1221|1522|1750|1905|14 Cemaziyelevvel 1448
20261026|0522|0642|1221|1521|1749|1904|15 Cemaziyelevvel 1448
20261027|0523|0643|1220|1521|1748|1903|16 Cemaziyelevvel 1448
20261028|0524|0644|1220|1520|1747|1902|17 Cemaziyelevvel 1448
20261029|0525|0645|1220|1519|1746|1901|18 Cemaziyelevvel 1448
20261030|0526|0646|1220|1518|1745|1900|19 Cemaziyelevvel 1448
20261031|0527|0647|1220|1517|1744|1859|20 Cemaziyelevvel 1448
20261101|0527|0648|1220|1516|1743|1858|21 Cemaziyelevvel 1448
20261102|0528|0649|1220|1515|1741|1857|22 Cemaziyelevvel 1448
20270101|0611|0737|1240|1512|1733|1853|23 Recep 1448
20270102|0612|0737|1240|1512|1733|1854|24 Recep 1448
20270103|0612|0737|1241|1513|1734|1854|25 Recep 1448
20270104|0612|0737|1241|1514|1735|1855|26 Recep 1448
20270105|0612|0737|1242|1515|1736|1856|27 Recep 1448
20270106|0612|0738|1242|1516|1737|1857|28 Recep 1448
20270107|0612|0738|1243|1516|1738|1857|29 Recep 1448
20270108|0613|0738|1243|1517|1738|1858|30 Recep 1448
20270109|0613|0737|1243|1518|1739|1859|1 Şaban 1448
20270110|0613|0737|1244|1519|1740|1900|2 Şaban 1448
20270111|0613|0737|1244|1520|1741|1901|3 Şaban 1448
20270112|0613|0737|1245|1521|1742|1902|4 Şaban 1448
20270113|0612|0737|1245|1521|1743|1902|5 Şaban 1448
20270114|0612|0737|1245|1522|1744|1903|6 Şaban 1448
20270115|0612|0736|1246|1523|1745|1904|7 Şaban 1448
20270116|0612|0736|1246|1524|1746|1905|8 Şaban 1448
20270117|0612|0736|1246|1525|1747|1906|9 Şaban 1448
20270118|0612|0735|1247|1526|1748|1907|10 Şaban 1448
20270119|0611|0735|1247|1527|1749|1908|11 Şaban 1448
20270120|0611|0735|1247|1528|1750|1909|12 Şaban 1448
20270121|0611|0734|1248|1529|1751|1909|13 Şaban 1448
20270122|0610|0734|1248|1530|1752|1910|14 Şaban 1448
20270123|0610|0733|1248|1530|1753|1911|15 Şaban 1448
20270124|0610|0733|1248|1531|1754|1912|16 Şaban 1448
20270125|0609|0732|1249|1532|1756|1913|17 Şaban 1448
20270126|0609|0731|1249|1533|1757|1914|18 Şaban 1448
20270127|0608|0731|1249|1534|1758|1915|19 Şaban 1448
20270128|0608|0730|1249|1535|1759|1916|20 Şaban 1448
20270129|0607|0729|1250|1536|1800|1917|21 Şaban 1448
20270130|0607|0729|1250|1537|1801|1918|22 Şaban 1448
20270131|0606|0728|1250|1538|1802|1919|23 Şaban 1448
20270201|0605|0727|1250|1539|1803|1920|24 Şaban 1448
20270202|0605|0726|1250|1540|1804|1921|25 Şaban 1448
20270203|0604|0725|1250|1540|1805|1922|26 Şaban 1448
20270204|0603|0725|1250|1541|1806|1923|27 Şaban 1448
20270205|0603|0724|1250|1542|1807|1923|28 Şaban 1448
20270206|0602|0723|1251|1543|1808|1924|29 Şaban 1448
20270207|0601|0722|1251|1544|1809|1925|30 Şaban 1448
20270208|0600|0721|1251|1545|1811|1926|1 Ramazan 1448
20270209|0559|0720|1251|1546|1812|1927|2 Ramazan 1448
20270210|0558|0719|1251|1546|1813|1928|3 Ramazan 1448
20270211|0557|0718|1251|1547|1814|1929|4 Ramazan 1448
20270212|0557|0717|1251|1548|1815|1930|5 Ramazan 1448
20270213|0556|0716|1251|1549|1816|1931|6 Ramazan 1448
20270214|0555|0715|1251|1550|1817|1932|7 Ramazan 1448
20270215|0554|0714|1251|1550|1818|1933|8 Ramazan 1448
20270216|0553|0712|1251|1551|1819|1934|9 Ramazan 1448
20270217|0551|0711|1251|1552|1820|1935|10 Ramazan 1448
20270218|0550|0710|1251|1553|1821|1936|11 Ramazan 1448
20270219|0549|0709|1250|1554|1822|1937|12 Ramazan 1448
20270220|0548|0708|1250|1554|1823|1938|13 Ramazan 1448
20270221|0547|0706|1250|1555|1824|1938|14 Ramazan 1448
20270222|0546|0705|1250|1556|1825|1939|15 Ramazan 1448
20270223|0545|0704|1250|1556|1826|1940|16 Ramazan 1448
20270224|0544|0703|1250|1557|1827|1941|17 Ramazan 1448
20270225|0542|0701|1250|1558|1828|1942|18 Ramazan 1448
20270226|0541|0700|1250|1558|1829|1943|19 Ramazan 1448
20270227|0540|0659|1249|1559|1830|1944|20 Ramazan 1448
20270228|0539|0657|1249|1600|1831|1945|21 Ramazan 1448
20270301|0537|0656|1249|1600|1832|1946|22 Ramazan 1448
20270302|0536|0655|1249|1601|1833|1947|23 Ramazan 1448
20270303|0535|0653|1249|1601|1834|1948|24 Ramazan 1448
20270304|0533|0652|1248|1602|1835|1949|25 Ramazan 1448
20270305|0532|0651|1248|1602|1836|1950|26 Ramazan 1448
20270306|0530|0649|1248|1603|1837|1951|27 Ramazan 1448
20270307|0529|0648|1248|1604|1838|1951|28 Ramazan 1448
20270308|0528|0646|1248|1604|1839|1952|29 Ramazan 1448
20270309|0526|0645|1247|1605|1839|1953|1 Şevval 1448
20270310|0525|0644|1247|1605|1840|1954|2 Şevval 1448
20270311|0523|0642|1247|1606|1841|1955|3 Şevval 1448
20270312|0522|0641|1246|1606|1842|1956|4 Şevval 1448
20270313|0520|0639|1246|1607|1843|1957|5 Şevval 1448
20270314|0519|0638|1246|1607|1844|1958|6 Şevval 1448
20270315|0517|0636|1246|1607|1845|1959|7 Şevval 1448
20270316|0516|0635|1245|1608|1846|2000|8 Şevval 1448
20270317|0514|0634|1245|1608|1847|2001|9 Şevval 1448
20270318|0513|0632|1245|1609|1848|2002|10 Şevval 1448
20270319|0511|0631|1245|1609|1849|2003|11 Şevval 1448
20270320|0510|0629|1244|1609|1849|2004|12 Şevval 1448
20270321|0508|0628|1244|1610|1850|2005|13 Şevval 1448
20270322|0506|0626|1244|1610|1851|2006|14 Şevval 1448
20270323|0505|0625|1243|1611|1852|2007|15 Şevval 1448
20270324|0503|0623|1243|1611|1853|2008|16 Şevval 1448
20270325|0502|0622|1243|1611|1854|2009|17 Şevval 1448
20270326|0500|0620|1242|1612|1855|2010|18 Şevval 1448
20270327|0458|0619|1242|1612|1856|2011|19 Şevval 1448
20270328|0457|0617|1242|1612|1856|2012|20 Şevval 1448
20270329|0455|0616|1242|1612|1857|2013|21 Şevval 1448
20270330|0454|0614|1241|1613|1858|2014|22 Şevval 1448
20270331|0452|0613|1241|1613|1859|2015|23 Şevval 1448
20270401|0450|0611|1241|1613|1900|2016|24 Şevval 1448
20270402|0449|0610|1240|1614|1901|2017|25 Şevval 1448
20270403|0447|0608|1240|1614|1902|2018|26 Şevval 1448
20270404|0445|0607|1240|1614|1903|2019|27 Şevval 1448
20270405|0444|0606|1239|1614|1903|2020|28 Şevval 1448
20270406|0442|0604|1239|1615|1904|2021|29 Şevval 1448
20270407|0440|0603|1239|1615|1905|2022|30 Şevval 1448
20270408|0439|0601|1239|1615|1906|2023|1 Zilkade 1448
20270409|0437|0600|1238|1615|1907|2024|2 Zilkade 1448
20270410|0435|0558|1238|1615|1908|2025|3 Zilkade 1448
20270411|0434|0557|1238|1616|1909|2026|4 Zilkade 1448
20270412|0432|0556|1238|1616|1909|2027|5 Zilkade 1448
20270413|0431|0554|1237|1616|1910|2029|6 Zilkade 1448
20270414|0429|0553|1237|1616|1911|2030|7 Zilkade 1448
20270415|0427|0552|1237|1616|1912|2031|8 Zilkade 1448
20270416|0426|0550|1237|1617|1913|2032|9 Zilkade 1448
20270417|0424|0549|1236|1617|1914|2033|10 Zilkade 1448
20270418|0422|0547|1236|1617|1915|2034|11 Zilkade 1448
20270419|0421|0546|1236|1617|1916|2035|12 Zilkade 1448
20270420|0419|0545|1236|1617|1916|2037|13 Zilkade 1448
20270421|0417|0544|1235|1617|1917|2038|14 Zilkade 1448
20270422|0416|0542|1235|1618|1918|2039|15 Zilkade 1448
20270423|0414|0541|1235|1618|1919|2040|16 Zilkade 1448
20270424|0413|0540|1235|1618|1920|2041|17 Zilkade 1448
20270425|0411|0539|1235|1618|1921|2042|18 Zilkade 1448
20270426|0410|0537|1234|1618|1922|2044|19 Zilkade 1448
20270427|0408|0536|1234|1618|1923|2045|20 Zilkade 1448
20270428|0406|0535|1234|1618|1923|2046|21 Zilkade 1448
20270429|0405|0534|1234|1619|1924|2047|22 Zilkade 1448
20270430|0403|0533|1234|1619|1925|2048|23 Zilkade 1448
20270501|0402|0531|1234|1619|1926|2050|24 Zilkade 1448
20270502|0400|0530|1234|1619|1927|2051|25 Zilkade 1448
20270503|0359|0529|1234|1619|1928|2052|26 Zilkade 1448
20270504|0357|0528|1233|1619|1929|2053|27 Zilkade 1448
20270505|0356|0527|1233|1619|1930|2055|28 Zilkade 1448
20270506|0355|0526|1233|1620|1930|2056|29 Zilkade 1448
20270507|0353|0525|1233|1620|1931|2057|1 Zilhicce 1448
20270508|0352|0524|1233|1620|1932|2058|2 Zilhicce 1448
20270509|0350|0523|1233|1620|1933|2059|3 Zilhicce 1448
20270510|0349|0522|1233|1620|1934|2101|4 Zilhicce 1448
20270511|0348|0521|1233|1620|1935|2102|5 Zilhicce 1448
20270512|0346|0520|1233|1621|1936|2103|6 Zilhicce 1448
20270513|0345|0519|1233|1621|1937|2104|7 Zilhicce 1448
20270514|0344|0519|1233|1621|1937|2105|8 Zilhicce 1448
20270515|0343|0518|1233|1621|1938|2107|9 Zilhicce 1448
20270516|0341|0517|1233|1621|1939|2108|10 Zilhicce 1448
20270517|0340|0516|1233|1621|1940|2109|11 Zilhicce 1448
20270518|0339|0515|1233|1622|1941|2110|12 Zilhicce 1448
20270519|0338|0515|1233|1622|1942|2111|13 Zilhicce 1448
20270520|0337|0514|1233|1622|1942|2113|14 Zilhicce 1448
20270521|0336|0513|1233|1622|1943|2114|15 Zilhicce 1448
20270522|0335|0513|1233|1622|1944|2115|16 Zilhicce 1448
20270523|0334|0512|1233|1622|1945|2116|17 Zilhicce 1448
20270524|0333|0511|1233|1623|1945|2117|18 Zilhicce 1448
20270525|0332|0511|1233|1623|1946|2118|19 Zilhicce 1448
20270526|0331|0510|1234|1623|1947|2119|20 Zilhicce 1448
20270527|0330|0510|1234|1623|1948|2120|21 Zilhicce 1448
20270528|0329|0509|1234|1623|1948|2121|22 Zilhicce 1448
20270529|0328|0509|1234|1624|1949|2122|23 Zilhicce 1448
20270530|0328|0508|1234|1624|1950|2123|24 Zilhicce 1448
20270531|0327|0508|1234|1624|1951|2124|25 Zilhicce 1448
20270601|0326|0508|1234|1624|1951|2125|26 Zilhicce 1448
20270602|0325|0507|1234|1624|1952|2126|27 Zilhicce 1448
20270603|0325|0507|1235|1625|1952|2127|28 Zilhicce 1448
20270604|0324|0507|1235|1625|1953|2128|29 Zilhicce 1448
20270605|0324|0506|1235|1625|1954|2129|30 Zilhicce 1448
20270606|0323|0506|1235|1625|1954|2130|1 Muharrem 1449
20270607|0323|0506|1235|1626|1955|2130|2 Muharrem 1449
20270608|0322|0506|1236|1626|1955|2131|3 Muharrem 1449
20270609|0322|0506|1236|1626|1956|2132|4 Muharrem 1449
20270610|0322|0505|1236|1626|1956|2133|5 Muharrem 1449
20270611|0321|0505|1236|1626|1957|2133|6 Muharrem 1449
20270612|0321|0505|1236|1627|1957|2134|7 Muharrem 1449
20270613|0321|0505|1237|1627|1958|2134|8 Muharrem 1449
20270614|0321|0505|1237|1627|1958|2135|9 Muharrem 1449
20270615|0321|0505|1237|1627|1959|2136|10 Muharrem 1449
20270616|0321|0505|1237|1628|1959|2136|11 Muharrem 1449
20270617|0321|0505|1237|1628|1959|2136|12 Muharrem 1449
20270618|0321|0506|1238|1628|2000|2137|13 Muharrem 1449
20270619|0321|0506|1238|1628|2000|2137|14 Muharrem 1449
20270620|0321|0506|1238|1629|2000|2137|15 Muharrem 1449
20270621|0321|0506|1238|1629|2001|2138|16 Muharrem 1449
20270622|0321|0506|1238|1629|2001|2138|17 Muharrem 1449
20270623|0322|0506|1239|1629|2001|2138|18 Muharrem 1449
20270624|0322|0507|1239|1629|2001|2138|19 Muharrem 1449
20270625|0322|0507|1239|1630|2001|2138|20 Muharrem 1449
20270626|0323|0507|1239|1630|2001|2138|21 Muharrem 1449
20270627|0323|0508|1240|1630|2001|2138|22 Muharrem 1449
20270628|0324|0508|1240|1630|2001|2138|23 Muharrem 1449
20270629|0324|0508|1240|1630|2001|2138|24 Muharrem 1449
20270630|0325|0509|1240|1631|2001|2138|25 Muharrem 1449
20270701|0325|0509|1240|1631|2001|2138|26 Muharrem 1449
20270702|0326|0510|1241|1631|2001|2138|27 Muharrem 1449
20270703|0326|0510|1241|1631|2001|2138|28 Muharrem 1449
20270704|0327|0511|1241|1631|2001|2137|29 Muharrem 1449
20270705|0328|0511|1241|1631|2001|2137|1 Safer 1449
20270706|0329|0512|1241|1631|2001|2137|2 Safer 1449
20270707|0329|0512|1241|1632|2001|2136|3 Safer 1449
20270708|0330|0513|1242|1632|2000|2136|4 Safer 1449
20270709|0331|0513|1242|1632|2000|2135|5 Safer 1449
20270710|0332|0514|1242|1632|2000|2135|6 Safer 1449
20270711|0333|0515|1242|1632|1959|2134|7 Safer 1449
20270712|0334|0515|1242|1632|1959|2133|8 Safer 1449
20270713|0335|0516|1242|1632|1959|2133|9 Safer 1449
20270714|0336|0517|1242|1632|1958|2132|10 Safer 1449
20270715|0337|0517|1243|1632|1958|2131|11 Safer 1449
20270716|0338|0518|1243|1632|1957|2130|12 Safer 1449
20270717|0339|0519|1243|1632|1957|2130|13 Safer 1449
20270718|0340|0519|1243|1632|1956|2129|14 Safer 1449
20270719|0341|0520|1243|1632|1956|2128|15 Safer 1449
20270720|0342|0521|1243|1632|1955|2127|16 Safer 1449
20270721|0343|0521|1243|1632|1955|2126|17 Safer 1449
20270722|0344|0522|1243|1632|1954|2125|18 Safer 1449
20270723|0345|0523|1243|1632|1953|2124|19 Safer 1449
20270724|0346|0524|1243|1632|1953|2123|20 Safer 1449
20270725|0348|0524|1243|1632|1952|2122|21 Safer 1449
20270726|0349|0525|1243|1632|1951|2121|22 Safer 1449
20270727|0350|0526|1243|1632|1950|2120|23 Safer 1449
20270728|0351|0527|1243|1631|1949|2118|24 Safer 1449
20270729|0352|0528|1243|1631|1949|2117|25 Safer 1449
20270730|0354|0528|1243|1631|1948|2116|26 Safer 1449
20270731|0355|0529|1243|1631|1947|2115|27 Safer 1449
20270801|0356|0530|1243|1631|1946|2114|28 Safer 1449
20270802|0357|0531|1243|1630|1945|2112|29 Safer 1449
20270803|0358|0532|1243|1630|1944|2111|1 Rebiulevvel 1449
20270804|0400|0532|1243|1630|1943|2110|2 Rebiulevvel 1449
20270805|0401|0533|1243|1630|1942|2108|3 Rebiulevvel 1449
20270806|0402|0534|1243|1629|1941|2107|4 Rebiulevvel 1449
20270807|0403|0535|1242|1629|1940|2106|5 Rebiulevvel 1449
20270808|0404|0536|1242|1629|1939|2104|6 Rebiulevvel 1449
20270809|0406|0536|1242|1628|1938|2103|7 Rebiulevvel 1449
20270810|0407|0537|1242|1628|1937|2101|8 Rebiulevvel 1449
20270811|0408|0538|1242|1627|1936|2100|9 Rebiulevvel 1449
20270812|0409|0539|1242|1627|1935|2058|10 Rebiulevvel 1449
20270813|0410|0540|1242|1627|1933|2057|11 Rebiulevvel 1449
20270814|0412|0541|1241|1626|1932|2055|12 Rebiulevvel 1449
20270815|0413|0541|1241|1626|1931|2054|13 Rebiulevvel 1449
20270816|0414|0542|1241|1625|1930|2052|14 Rebiulevvel 1449
20270817|0415|0543|1241|1625|1929|2051|15 Rebiulevvel 1449
20270818|0416|0544|1241|1624|1927|2049|16 Rebiulevvel 1449
20270819|0417|0545|1240|1624|1926|2048|17 Rebiulevvel 1449
20270820|0419|0546|1240|1623|1925|2046|18 Rebiulevvel 1449
20270821|0420|0546|1240|1622|1924|2044|19 Rebiulevvel 1449
20270822|0421|0547|1240|1622|1922|2043|20 Rebiulevvel 1449
20270823|0422|0548|1239|1621|1921|2041|21 Rebiulevvel 1449
20270824|0423|0549|1239|1621|1920|2040|22 Rebiulevvel 1449
20270825|0424|0550|1239|1620|1918|2038|23 Rebiulevvel 1449
20270826|0425|0550|1239|1619|1917|2036|24 Rebiulevvel 1449
20270827|0426|0551|1238|1619|1915|2035|25 Rebiulevvel 1449
20270828|0427|0552|1238|1618|1914|2033|26 Rebiulevvel 1449
20270829|0429|0553|1238|1617|1913|2031|27 Rebiulevvel 1449
20270830|0430|0554|1237|1616|1911|2030|28 Rebiulevvel 1449
20270831|0431|0554|1237|1616|1910|2028|29 Rebiulevvel 1449
20270901|0432|0555|1237|1615|1908|2026|30 Rebiulevvel 1449
20270902|0433|0556|1236|1614|1907|2025|1 Rebiulahir 1449
20270903|0434|0557|1236|1613|1906|2023|2 Rebiulahir 1449
20270904|0435|0558|1236|1613|1904|2021|3 Rebiulahir 1449
20270905|0436|0558|1236|1612|1903|2020|4 Rebiulahir 1449
20270906|0437|0559|1235|1611|1901|2018|5 Rebiulahir 1449
20270907|0438|0600|1235|1610|1900|2016|6 Rebiulahir 1449
20270908|0439|0601|1235|1609|1858|2015|7 Rebiulahir 1449
20270909|0440|0602|1234|1608|1857|2013|8 Rebiulahir 1449
20270910|0441|0602|1234|1607|1855|2011|9 Rebiulahir 1449
20270911|0442|0603|1233|1607|1854|2010|10 Rebiulahir 1449
20270912|0443|0604|1233|1606|1852|2008|11 Rebiulahir 1449
20270913|0444|0605|1233|1605|1851|2006|12 Rebiulahir 1449
20270914|0445|0606|1232|1604|1849|2005|13 Rebiulahir 1449
20270915|0446|0606|1232|1603|1848|2003|14 Rebiulahir 1449
20270916|0447|0607|1232|1602|1846|2001|15 Rebiulahir 1449
20270917|0448|0608|1231|1601|1845|2000|16 Rebiulahir 1449
20270918|0449|0609|1231|1600|1843|1958|17 Rebiulahir 1449
20270919|0450|0610|1231|1559|1842|1957|18 Rebiulahir 1449
20270920|0450|0610|1230|1558|1840|1955|19 Rebiulahir 1449
20270921|0451|0611|1230|1557|1839|1953|20 Rebiulahir 1449
20270922|0452|0612|1230|1556|1837|1952|21 Rebiulahir 1449
20270923|0453|0613|1229|1555|1836|1950|22 Rebiulahir 1449
20270924|0454|0614|1229|1554|1834|1948|23 Rebiulahir 1449
20270925|0455|0614|1228|1553|1833|1947|24 Rebiulahir 1449
20270926|0456|0615|1228|1552|1831|1945|25 Rebiulahir 1449
20270927|0457|0616|1228|1551|1830|1944|26 Rebiulahir 1449
20270928|0458|0617|1227|1550|1828|1942|27 Rebiulahir 1449
20270929|0459|0618|1227|1549|1827|1941|28 Rebiulahir 1449
20270930|0459|0618|1227|1548|1825|1939|29 Rebiulahir 1449
20271001|0500|0619|1226|1547|1824|1938|1 Cemaziyelevvel 1449
20271002|0501|0620|1226|1546|1822|1936|2 Cemaziyelevvel 1449
20271003|0502|0621|1226|1545|1821|1935|3 Cemaziyelevvel 1449
20271004|0503|0622|1226|1544|1819|1933|4 Cemaziyelevvel 1449
20271005|0504|0623|1225|1543|1818|1932|5 Cemaziyelevvel 1449
20271006|0505|0624|1225|1542|1816|1930|6 Cemaziyelevvel 1449
20271007|0506|0624|1225|1541|1815|1929|7 Cemaziyelevvel 1449
20271008|0506|0625|1224|1540|1813|1927|8 Cemaziyelevvel 1449
20271009|0507|0626|1224|1539|1812|1926|9 Cemaziyelevvel 1449
20271010|0508|0627|1224|1538|1811|1924|10 Cemaziyelevvel 1449
20271011|0509|0628|1223|1537|1809|1923|11 Cemaziyelevvel 1449
20271012|0510|0629|1223|1535|1808|1922|12 Cemaziyelevvel 1449
20271013|0511|0630|1223|1534|1806|1920|13 Cemaziyelevvel 1449
20271014|0512|0631|1223|1533|1805|1919|14 Cemaziyelevvel 1449
20271015|0512|0631|1223|1532|1804|1918|15 Cemaziyelevvel 1449
20271016|0513|0632|1222|1531|1802|1916|16 Cemaziyelevvel 1449
20271017|0514|0633|1222|1530|1801|1915|17 Cemaziyelevvel 1449
20271018|0515|0634|1222|1529|1800|1914|18 Cemaziyelevvel 1449
20271019|0516|0635|1222|1528|1758|1912|19 Cemaziyelevvel 1449
20271020|0517|0636|1221|1527|1757|1911|20 Cemaziyelevvel 1449
20271021|0518|0637|1221|1526|1756|1910|21 Cemaziyelevvel 1449
20271022|0518|0638|1221|1525|1754|1909|22 Cemaziyelevvel 1449
20271023|0519|0639|1221|1525|1753|1908|23 Cemaziyelevvel 1449
20271024|0520|0640|1221|1524|1752|1907|24 Cemaziyelevvel 1449
20271025|0521|0641|1221|1523|1751|1905|25 Cemaziyelevvel 1449
20271026|0522|0642|1221|1522|1750|1904|26 Cemaziyelevvel 1449
20271027|0523|0643|1221|1521|1748|1903|27 Cemaziyelevvel 1449
20271028|0524|0644|1220|1520|1747|1902|28 Cemaziyelevvel 1449
20271029|0525|0645|1220|1519|1746|1901|29 Cemaziyelevvel 1449
20271030|0525|0646|1220|1518|1745|1900|30 Cemaziyelevvel 1449
20271031|0526|0647|1220|1517|1744|1859|1 Cemaziyelahir 1449
20271101|0527|0648|1220|1516|1743|1858|2 Cemaziyelahir 1449
20271102|0528|0649|1220|1516|1742|1857|3 Cemaziyelahir 1449
20271103|0529|0650|1220|1515|1741|1856|4 Cemaziyelahir 1449
20271104|0530|0651|1220|1514|1740|1855|5 Cemaziyelahir 1449
20271105|0531|0652|1220|1513|1739|1855|6 Cemaziyelahir 1449
20271106|0532|0653|1220|1512|1738|1854|7 Cemaziyelahir 1449
20271107|0532|0654|1220|1512|1737|1853|8 Cemaziyelahir 1449
20271108|0533|0655|1220|1511|1736|1852|9 Cemaziyelahir 1449
20271109|0534|0656|1220|1510|1735|1851|10 Cemaziyelahir 1449
20271110|0535|0657|1220|1510|1734|1851|11 Cemaziyelahir 1449
20271111|0536|0658|1221|1509|1733|1850|12 Cemaziyelahir 1449
20271112|0537|0659|1221|1508|1732|1849|13 Cemaziyelahir 1449
20271113|0538|0700|1221|1508|1732|1849|14 Cemaziyelahir 1449
20271114|0539|0701|1221|1507|1731|1848|15 Cemaziyelahir 1449
20271115|0540|0702|1221|1507|1730|1847|16 Cemaziyelahir 1449
20271116|0540|0703|1221|1506|1730|1847|17 Cemaziyelahir 1449
20271117|0541|0704|1221|1506|1729|1846|18 Cemaziyelahir 1449
20271118|0542|0705|1222|1505|1728|1846|19 Cemaziyelahir 1449
20271119|0543|0706|1222|1505|1728|1845|20 Cemaziyelahir 1449
20271120|0544|0707|1222|1504|1727|1845|21 Cemaziyelahir 1449
20271121|0545|0708|1222|1504|1727|1845|22 Cemaziyelahir 1449
20271122|0546|0709|1222|1503|1726|1844|23 Cemaziyelahir 1449
20271123|0547|0710|1223|1503|1726|1844|24 Cemaziyelahir 1449
20271124|0547|0711|1223|1503|1725|1844|25 Cemaziyelahir 1449
20271125|0548|0712|1223|1502|1725|1843|26 Cemaziyelahir 1449
20271126|0549|0713|1224|1502|1724|1843|27 Cemaziyelahir 1449
20271127|0550|0714|1224|1502|1724|1843|28 Cemaziyelahir 1449
20271128|0551|0715|1224|1502|1724|1843|29 Cemaziyelahir 1449
20271129|0552|0716|1225|1501|1723|1842|1 Recep 1449
20271130|0552|0717|1225|1501|1723|1842|2 Recep 1449
20271201|0553|0718|1225|1501|1723|1842|3 Recep 1449
20271202|0554|0719|1226|1501|1723|1842|4 Recep 1449
20271203|0555|0720|1226|1501|1723|1842|5 Recep 1449
20271204|0556|0721|1226|1501|1722|1842|6 Recep 1449
20271205|0556|0721|1227|1501|1722|1842|7 Recep 1449
20271206|0557|0722|1227|1501|1722|1842|8 Recep 1449
20271207|0558|0723|1228|1501|1722|1842|9 Recep 1449
20271208|0559|0724|1228|1501|1722|1842|10 Recep 1449
20271209|0559|0725|1229|1501|1722|1843|11 Recep 1449
20271210|0600|0726|1229|1501|1722|1843|12 Recep 1449
20271211|0601|0726|1229|1502|1723|1843|13 Recep 1449
20271212|0602|0727|1230|1502|1723|1843|14 Recep 1449
20271213|0602|0728|1230|1502|1723|1843|15 Recep 1449
20271214|0603|0729|1231|1502|1723|1844|16 Recep 1449
20271215|0604|0729|1231|1503|1723|1844|17 Recep 1449
20271216|0604|0730|1232|1503|1724|1844|18 Recep 1449
20271217|0605|0731|1232|1503|1724|1845|19 Recep 1449
20271218|0605|0731|1233|1504|1724|1845|20 Recep 1449
20271219|0606|0732|1233|1504|1725|1845|21 Recep 1449
20271220|0607|0732|1234|1504|1725|1846|22 Recep 1449
20271221|0607|0733|1234|1505|1726|1846|23 Recep 1449
20271222|0608|0733|1235|1505|1726|1847|24 Recep 1449
20271223|0608|0734|1235|1506|1727|1847|25 Recep 1449
20271224|0609|0734|1236|1506|1727|1848|26 Recep 1449
20271225|0609|0735|1236|1507|1728|1848|27 Recep 1449
20271226|0609|0735|1237|1508|1728|1849|28 Recep 1449
20271227|0610|0736|1237|1508|1729|1850|29 Recep 1449
20271228|0610|0736|1238|1509|1730|1850|30 Recep 1449
20271229|0610|0736|1238|1509|1730|1851|1 Şaban 1449
20271230|0611|0737|1239|1510|1731|1851|2 Şaban 1449
20271231|0611|0737|1239|1511|1732|1852|3 Şaban 1449
#@9630|Musabeyli|KILIS|396
20261003|0503|0622|1227|1545|1821|1935|22 Rebiulahir 1448
20261004|0504|0623|1226|1544|1820|1934|23 Rebiulahir 1448
20261005|0505|0624|1226|1543|1818|1932|24 Rebiulahir 1448
20261006|0506|0625|1226|1542|1817|1931|25 Rebiulahir 1448
20261007|0506|0625|1225|1541|1815|1929|26 Rebiulahir 1448
20261008|0507|0626|1225|1540|1814|1928|27 Rebiulahir 1448
20261009|0508|0627|1225|1539|1812|1926|28 Rebiulahir 1448
20261010|0509|0628|1224|1538|1811|1925|29 Rebiulahir 1448
20261011|0510|0629|1224|1537|1809|1924|30 Rebiulahir 1448
20261012|0511|0630|1224|1536|1808|1922|1 Cemaziyelevvel 1448
20261013|0512|0631|1224|1535|1807|1921|2 Cemaziyelevvel 1448
20261014|0513|0632|1223|1534|1805|1919|3 Cemaziyelevvel 1448
20261015|0513|0633|1223|1533|1804|1918|4 Cemaziyelevvel 1448
20261016|0514|0634|1223|1532|1803|1917|5 Cemaziyelevvel 1448
20261017|0515|0634|1223|1531|1801|1916|6 Cemaziyelevvel 1448
20261018|0516|0635|1223|1530|1800|1914|7 Cemaziyelevvel 1448
20261019|0517|0636|1222|1529|1759|1913|8 Cemaziyelevvel 1448
20261020|0518|0637|1222|1528|1757|1912|9 Cemaziyelevvel 1448
20261021|0519|0638|1222|1527|1756|1911|10 Cemaziyelevvel 1448
20261022|0519|0639|1222|1526|1755|1909|11 Cemaziyelevvel 1448
20261023|0520|0640|1222|1525|1753|1908|12 Cemaziyelevvel 1448
20261024|0521|0641|1222|1524|1752|1907|13 Cemaziyelevvel 1448
20261025|0522|0642|1221|1523|1751|1906|14 Cemaziyelevvel 1448
20261026|0523|0643|1221|1522|1750|1905|15 Cemaziyelevvel 1448
20261027|0524|0644|1221|1521|1749|1904|16 Cemaziyelevvel 1448
20261028|0525|0645|1221|1520|1747|1903|17 Cemaziyelevvel 1448
20261029|0526|0646|1221|1519|1746|1902|18 Cemaziyelevvel 1448
20261030|0526|0647|1221|1518|1745|1901|19 Cemaziyelevvel 1448
20261031|0527|0648|1221|1518|1744|1900|20 Cemaziyelevvel 1448
20261101|0528|0649|1221|1517|1743|1859|21 Cemaziyelevvel 1448
20261102|0529|0650|1221|1516|1742|1858|22 Cemaziyelevvel 1448
20270101|0612|0738|1241|1512|1733|1854|23 Recep 1448
20270102|0613|0738|1241|1513|1734|1854|24 Recep 1448
20270103|0613|0739|1242|1514|1735|1855|25 Recep 1448
20270104|0613|0739|1242|1514|1735|1856|26 Recep 1448
20270105|0613|0739|1242|1515|1736|1856|27 Recep 1448
20270106|0613|0739|1243|1516|1737|1857|28 Recep 1448
20270107|0613|0739|1243|1517|1738|1858|29 Recep 1448
20270108|0614|0739|1244|1517|1739|1859|30 Recep 1448
20270109|0614|0739|1244|1518|1740|1900|1 Şaban 1448
20270110|0614|0739|1245|1519|1741|1900|2 Şaban 1448
20270111|0614|0738|1245|1520|1742|1901|3 Şaban 1448
20270112|0614|0738|1245|1521|1743|1902|4 Şaban 1448
20270113|0613|0738|1246|1522|1744|1903|5 Şaban 1448
20270114|0613|0738|1246|1523|1744|1904|6 Şaban 1448
20270115|0613|0738|1246|1524|1745|1905|7 Şaban 1448
20270116|0613|0737|1247|1524|1746|1906|8 Şaban 1448
20270117|0613|0737|1247|1525|1748|1906|9 Şaban 1448
20270118|0613|0737|1248|1526|1749|1907|10 Şaban 1448
20270119|0612|0736|1248|1527|1750|1908|11 Şaban 1448
20270120|0612|0736|1248|1528|1751|1909|12 Şaban 1448
20270121|0612|0735|1248|1529|1752|1910|13 Şaban 1448
20270122|0611|0735|1249|1530|1753|1911|14 Şaban 1448
20270123|0611|0734|1249|1531|1754|1912|15 Şaban 1448
20270124|0611|0734|1249|1532|1755|1913|16 Şaban 1448
20270125|0610|0733|1249|1533|1756|1914|17 Şaban 1448
20270126|0610|0732|1250|1534|1757|1915|18 Şaban 1448
20270127|0609|0732|1250|1535|1758|1916|19 Şaban 1448
20270128|0609|0731|1250|1536|1759|1917|20 Şaban 1448
20270129|0608|0730|1250|1536|1800|1918|21 Şaban 1448
20270130|0608|0730|1250|1537|1801|1918|22 Şaban 1448
20270131|0607|0729|1251|1538|1802|1919|23 Şaban 1448
20270201|0606|0728|1251|1539|1803|1920|24 Şaban 1448
20270202|0606|0727|1251|1540|1805|1921|25 Şaban 1448
20270203|0605|0727|1251|1541|1806|1922|26 Şaban 1448
20270204|0604|0726|1251|1542|1807|1923|27 Şaban 1448
20270205|0603|0725|1251|1543|1808|1924|28 Şaban 1448
20270206|0603|0724|1251|1544|1809|1925|29 Şaban 1448
20270207|0602|0723|1251|1544|1810|1926|30 Şaban 1448
20270208|0601|0722|1251|1545|1811|1927|1 Ramazan 1448
20270209|0600|0721|1252|1546|1812|1928|2 Ramazan 1448
20270210|0559|0720|1252|1547|1813|1929|3 Ramazan 1448
20270211|0558|0719|1252|1548|1814|1930|4 Ramazan 1448
20270212|0557|0718|1252|1549|1815|1931|5 Ramazan 1448
20270213|0556|0717|1252|1549|1816|1932|6 Ramazan 1448
20270214|0555|0716|1252|1550|1817|1933|7 Ramazan 1448
20270215|0554|0715|1251|1551|1818|1934|8 Ramazan 1448
20270216|0553|0713|1251|1552|1820|1935|9 Ramazan 1448
20270217|0552|0712|1251|1553|1821|1935|10 Ramazan 1448
20270218|0551|0711|1251|1553|1822|1936|11 Ramazan 1448
20270219|0550|0710|1251|1554|1823|1937|12 Ramazan 1448
20270220|0549|0709|1251|1555|1824|1938|13 Ramazan 1448
20270221|0548|0707|1251|1555|1825|1939|14 Ramazan 1448
20270222|0547|0706|1251|1556|1826|1940|15 Ramazan 1448
20270223|0545|0705|1251|1557|1827|1941|16 Ramazan 1448
20270224|0544|0704|1251|1558|1828|1942|17 Ramazan 1448
20270225|0543|0702|1250|1558|1829|1943|18 Ramazan 1448
20270226|0542|0701|1250|1559|1830|1944|19 Ramazan 1448
20270227|0541|0700|1250|1600|1831|1945|20 Ramazan 1448
20270228|0539|0658|1250|1600|1832|1946|21 Ramazan 1448
20270301|0538|0657|1250|1601|1833|1947|22 Ramazan 1448
20270302|0537|0656|1250|1601|1834|1948|23 Ramazan 1448
20270303|0535|0654|1249|1602|1835|1949|24 Ramazan 1448
20270304|0534|0653|1249|1603|1835|1950|25 Ramazan 1448
20270305|0533|0652|1249|1603|1836|1950|26 Ramazan 1448
20270306|0531|0650|1249|1604|1837|1951|27 Ramazan 1448
20270307|0530|0649|1249|1604|1838|1952|28 Ramazan 1448
20270308|0528|0647|1248|1605|1839|1953|29 Ramazan 1448
20270309|0527|0646|1248|1605|1840|1954|1 Şevval 1448
20270310|0525|0645|1248|1606|1841|1955|2 Şevval 1448
20270311|0524|0643|1248|1606|1842|1956|3 Şevval 1448
20270312|0522|0642|1247|1607|1843|1957|4 Şevval 1448
20270313|0521|0640|1247|1607|1844|1958|5 Şevval 1448
20270314|0519|0639|1247|1608|1845|1959|6 Şevval 1448
20270315|0518|0637|1246|1608|1846|2000|7 Şevval 1448
20270316|0516|0636|1246|1609|1847|2001|8 Şevval 1448
20270317|0515|0634|1246|1609|1848|2002|9 Şevval 1448
20270318|0513|0633|1246|1609|1848|2003|10 Şevval 1448
20270319|0512|0631|1245|1610|1849|2004|11 Şevval 1448
20270320|0510|0630|1245|1610|1850|2005|12 Şevval 1448
20270321|0509|0628|1245|1611|1851|2006|13 Şevval 1448
20270322|0507|0627|1244|1611|1852|2007|14 Şevval 1448
20270323|0505|0625|1244|1611|1853|2008|15 Şevval 1448
20270324|0504|0624|1244|1612|1854|2009|16 Şevval 1448
20270325|0502|0622|1244|1612|1855|2010|17 Şevval 1448
20270326|0501|0621|1243|1612|1856|2011|18 Şevval 1448
20270327|0459|0620|1243|1613|1856|2012|19 Şevval 1448
20270328|0457|0618|1243|1613|1857|2013|20 Şevval 1448
20270329|0456|0617|1242|1613|1858|2014|21 Şevval 1448
20270330|0454|0615|1242|1614|1859|2015|22 Şevval 1448
20270331|0452|0614|1242|1614|1900|2016|23 Şevval 1448
20270401|0451|0612|1241|1614|1901|2017|24 Şevval 1448
20270402|0449|0611|1241|1614|1902|2018|25 Şevval 1448
20270403|0447|0609|1241|1615|1903|2019|26 Şevval 1448
20270404|0446|0608|1241|1615|1903|2020|27 Şevval 1448
20270405|0444|0606|1240|1615|1904|2021|28 Şevval 1448
20270406|0443|0605|1240|1615|1905|2022|29 Şevval 1448
20270407|0441|0603|1240|1616|1906|2023|30 Şevval 1448
20270408|0439|0602|1239|1616|1907|2024|1 Zilkade 1448
20270409|0438|0601|1239|1616|1908|2025|2 Zilkade 1448
20270410|0436|0559|1239|1616|1909|2026|3 Zilkade 1448
20270411|0434|0558|1239|1616|1910|2028|4 Zilkade 1448
20270412|0433|0556|1238|1617|1910|2029|5 Zilkade 1448
20270413|0431|0555|1238|1617|1911|2030|6 Zilkade 1448
20270414|0429|0554|1238|1617|1912|2031|7 Zilkade 1448
20270415|0428|0552|1238|1617|1913|2032|8 Zilkade 1448
20270416|0426|0551|1237|1617|1914|2033|9 Zilkade 1448
20270417|0424|0549|1237|1618|1915|2034|10 Zilkade 1448
20270418|0423|0548|1237|1618|1916|2035|11 Zilkade 1448
20270419|0421|0547|1237|1618|1917|2037|12 Zilkade 1448
20270420|0419|0545|1236|1618|1917|2038|13 Zilkade 1448
20270421|0418|0544|1236|1618|1918|2039|14 Zilkade 1448
20270422|0416|0543|1236|1618|1919|2040|15 Zilkade 1448
20270423|0415|0542|1236|1619|1920|2041|16 Zilkade 1448
20270424|0413|0540|1236|1619|1921|2042|17 Zilkade 1448
20270425|0411|0539|1235|1619|1922|2044|18 Zilkade 1448
20270426|0410|0538|1235|1619|1923|2045|19 Zilkade 1448
20270427|0408|0537|1235|1619|1924|2046|20 Zilkade 1448
20270428|0407|0535|1235|1619|1925|2047|21 Zilkade 1448
20270429|0405|0534|1235|1620|1925|2049|22 Zilkade 1448
20270430|0404|0533|1235|1620|1926|2050|23 Zilkade 1448
20270501|0402|0532|1235|1620|1927|2051|24 Zilkade 1448
20270502|0401|0531|1234|1620|1928|2052|25 Zilkade 1448
20270503|0359|0530|1234|1620|1929|2053|26 Zilkade 1448
20270504|0358|0529|1234|1620|1930|2055|27 Zilkade 1448
20270505|0356|0528|1234|1621|1931|2056|28 Zilkade 1448
20270506|0355|0527|1234|1621|1932|2057|29 Zilkade 1448
20270507|0353|0525|1234|1621|1932|2058|1 Zilhicce 1448
20270508|0352|0524|1234|1621|1933|2100|2 Zilhicce 1448
20270509|0350|0524|1234|1621|1934|2101|3 Zilhicce 1448
20270510|0349|0523|1234|1621|1935|2102|4 Zilhicce 1448
20270511|0348|0522|1234|1621|1936|2103|5 Zilhicce 1448
20270512|0346|0521|1234|1622|1937|2105|6 Zilhicce 1448
20270513|0345|0520|1234|1622|1938|2106|7 Zilhicce 1448
20270514|0344|0519|1234|1622|1939|2107|8 Zilhicce 1448
20270515|0343|0518|1234|1622|1939|2108|9 Zilhicce 1448
20270516|0341|0517|1234|1622|1940|2109|10 Zilhicce 1448
20270517|0340|0516|1234|1622|1941|2111|11 Zilhicce 1448
20270518|0339|0516|1234|1623|1942|2112|12 Zilhicce 1448
20270519|0338|0515|1234|1623|1943|2113|13 Zilhicce 1448
20270520|0337|0514|1234|1623|1944|2114|14 Zilhicce 1448
20270521|0336|0514|1234|1623|1944|2115|15 Zilhicce 1448
20270522|0335|0513|1234|1623|1945|2116|16 Zilhicce 1448
20270523|0334|0512|1234|1624|1946|2118|17 Zilhicce 1448
20270524|0333|0512|1234|1624|1947|2119|18 Zilhicce 1448
20270525|0332|0511|1234|1624|1947|2120|19 Zilhicce 1448
20270526|0331|0511|1234|1624|1948|2121|20 Zilhicce 1448
20270527|0330|0510|1234|1624|1949|2122|21 Zilhicce 1448
20270528|0329|0510|1235|1625|1950|2123|22 Zilhicce 1448
20270529|0328|0509|1235|1625|1950|2124|23 Zilhicce 1448
20270530|0327|0509|1235|1625|1951|2125|24 Zilhicce 1448
20270531|0327|0508|1235|1625|1952|2126|25 Zilhicce 1448
20270601|0326|0508|1235|1625|1952|2127|26 Zilhicce 1448
20270602|0325|0507|1235|1626|1953|2128|27 Zilhicce 1448
20270603|0325|0507|1235|1626|1954|2129|28 Zilhicce 1448
20270604|0324|0507|1236|1626|1954|2130|29 Zilhicce 1448
20270605|0324|0507|1236|1626|1955|2131|30 Zilhicce 1448
20270606|0323|0506|1236|1626|1956|2131|1 Muharrem 1449
20270607|0323|0506|1236|1627|1956|2132|2 Muharrem 1449
20270608|0322|0506|1236|1627|1957|2133|3 Muharrem 1449
20270609|0322|0506|1236|1627|1957|2134|4 Muharrem 1449
20270610|0322|0506|1237|1627|1958|2134|5 Muharrem 1449
20270611|0321|0506|1237|1628|1958|2135|6 Muharrem 1449
20270612|0321|0506|1237|1628|1959|2136|7 Muharrem 1449
20270613|0321|0506|1237|1628|1959|2136|8 Muharrem 1449
20270614|0321|0506|1238|1628|2000|2137|9 Muharrem 1449
20270615|0321|0506|1238|1629|2000|2137|10 Muharrem 1449
20270616|0321|0506|1238|1629|2000|2138|11 Muharrem 1449
20270617|0321|0506|1238|1629|2001|2138|12 Muharrem 1449
20270618|0321|0506|1238|1629|2001|2139|13 Muharrem 1449
20270619|0321|0506|1239|1629|2001|2139|14 Muharrem 1449
20270620|0321|0506|1239|1630|2002|2139|15 Muharrem 1449
20270621|0321|0506|1239|1630|2002|2139|16 Muharrem 1449
20270622|0321|0507|1239|1630|2002|2140|17 Muharrem 1449
20270623|0321|0507|1239|1630|2002|2140|18 Muharrem 1449
20270624|0322|0507|1240|1631|2002|2140|19 Muharrem 1449
20270625|0322|0507|1240|1631|2003|2140|20 Muharrem 1449
20270626|0322|0508|1240|1631|2003|2140|21 Muharrem 1449
20270627|0323|0508|1240|1631|2003|2140|22 Muharrem 1449
20270628|0323|0508|1241|1631|2003|2140|23 Muharrem 1449
20270629|0324|0509|1241|1632|2003|2140|24 Muharrem 1449
20270630|0324|0509|1241|1632|2003|2140|25 Muharrem 1449
20270701|0325|0510|1241|1632|2003|2140|26 Muharrem 1449
20270702|0326|0510|1241|1632|2003|2140|27 Muharrem 1449
20270703|0326|0510|1242|1632|2003|2139|28 Muharrem 1449
20270704|0327|0511|1242|1632|2002|2139|29 Muharrem 1449
20270705|0328|0511|1242|1633|2002|2139|1 Safer 1449
20270706|0328|0512|1242|1633|2002|2138|2 Safer 1449
20270707|0329|0513|1242|1633|2002|2138|3 Safer 1449
20270708|0330|0513|1242|1633|2002|2137|4 Safer 1449
20270709|0331|0514|1243|1633|2001|2137|5 Safer 1449
20270710|0332|0514|1243|1633|2001|2136|6 Safer 1449
20270711|0333|0515|1243|1633|2001|2136|7 Safer 1449
20270712|0334|0516|1243|1633|2000|2135|8 Safer 1449
20270713|0335|0516|1243|1633|2000|2134|9 Safer 1449
20270714|0336|0517|1243|1633|2000|2134|10 Safer 1449
20270715|0337|0518|1243|1633|1959|2133|11 Safer 1449
20270716|0338|0518|1243|1633|1959|2132|12 Safer 1449
20270717|0339|0519|1243|1633|1958|2131|13 Safer 1449
20270718|0340|0520|1244|1633|1958|2130|14 Safer 1449
20270719|0341|0520|1244|1633|1957|2129|15 Safer 1449
20270720|0342|0521|1244|1633|1956|2129|16 Safer 1449
20270721|0343|0522|1244|1633|1956|2128|17 Safer 1449
20270722|0344|0523|1244|1633|1955|2127|18 Safer 1449
20270723|0345|0523|1244|1633|1954|2126|19 Safer 1449
20270724|0346|0524|1244|1633|1954|2124|20 Safer 1449
20270725|0348|0525|1244|1633|1953|2123|21 Safer 1449
20270726|0349|0526|1244|1633|1952|2122|22 Safer 1449
20270727|0350|0526|1244|1633|1951|2121|23 Safer 1449
20270728|0351|0527|1244|1633|1951|2120|24 Safer 1449
20270729|0352|0528|1244|1632|1950|2119|25 Safer 1449
20270730|0354|0529|1244|1632|1949|2118|26 Safer 1449
20270731|0355|0530|1244|1632|1948|2116|27 Safer 1449
20270801|0356|0530|1244|1632|1947|2115|28 Safer 1449
20270802|0357|0531|1244|1631|1946|2114|29 Safer 1449
20270803|0358|0532|1244|1631|1945|2112|1 Rebiulevvel 1449
20270804|0400|0533|1244|1631|1944|2111|2 Rebiulevvel 1449
20270805|0401|0534|1243|1631|1943|2110|3 Rebiulevvel 1449
20270806|0402|0534|1243|1630|1942|2108|4 Rebiulevvel 1449
20270807|0403|0535|1243|1630|1941|2107|5 Rebiulevvel 1449
20270808|0405|0536|1243|1630|1940|2105|6 Rebiulevvel 1449
20270809|0406|0537|1243|1629|1939|2104|7 Rebiulevvel 1449
20270810|0407|0538|1243|1629|1938|2103|8 Rebiulevvel 1449
20270811|0408|0539|1243|1628|1937|2101|9 Rebiulevvel 1449
20270812|0409|0539|1243|1628|1936|2100|10 Rebiulevvel 1449
20270813|0411|0540|1242|1628|1935|2058|11 Rebiulevvel 1449
20270814|0412|0541|1242|1627|1933|2057|12 Rebiulevvel 1449
20270815|0413|0542|1242|1627|1932|2055|13 Rebiulevvel 1449
20270816|0414|0543|1242|1626|1931|2054|14 Rebiulevvel 1449
20270817|0415|0544|1242|1626|1930|2052|15 Rebiulevvel 1449
20270818|0416|0544|1241|1625|1928|2050|16 Rebiulevvel 1449
20270819|0418|0545|1241|1625|1927|2049|17 Rebiulevvel 1449
20270820|0419|0546|1241|1624|1926|2047|18 Rebiulevvel 1449
20270821|0420|0547|1241|1623|1925|2046|19 Rebiulevvel 1449
20270822|0421|0548|1240|1623|1923|2044|20 Rebiulevvel 1449
20270823|0422|0549|1240|1622|1922|2042|21 Rebiulevvel 1449
20270824|0423|0549|1240|1622|1921|2041|22 Rebiulevvel 1449
20270825|0424|0550|1240|1621|1919|2039|23 Rebiulevvel 1449
20270826|0426|0551|1239|1620|1918|2038|24 Rebiulevvel 1449
20270827|0427|0552|1239|1619|1916|2036|25 Rebiulevvel 1449
20270828|0428|0553|1239|1619|1915|2034|26 Rebiulevvel 1449
20270829|0429|0553|1239|1618|1914|2033|27 Rebiulevvel 1449
20270830|0430|0554|1238|1617|1912|2031|28 Rebiulevvel 1449
20270831|0431|0555|1238|1617|1911|2029|29 Rebiulevvel 1449
20270901|0432|0556|1238|1616|1909|2028|30 Rebiulevvel 1449
20270902|0433|0557|1237|1615|1908|2026|1 Rebiulahir 1449
20270903|0434|0557|1237|1614|1907|2024|2 Rebiulahir 1449
20270904|0435|0558|1237|1613|1905|2023|3 Rebiulahir 1449
20270905|0436|0559|1236|1613|1904|2021|4 Rebiulahir 1449
20270906|0437|0600|1236|1612|1902|2019|5 Rebiulahir 1449
20270907|0438|0601|1236|1611|1901|2018|6 Rebiulahir 1449
20270908|0439|0601|1235|1610|1859|2016|7 Rebiulahir 1449
20270909|0440|0602|1235|1609|1858|2014|8 Rebiulahir 1449
20270910|0441|0603|1235|1608|1856|2012|9 Rebiulahir 1449
20270911|0442|0604|1234|1607|1855|2011|10 Rebiulahir 1449
20270912|0443|0605|1234|1606|1853|2009|11 Rebiulahir 1449
20270913|0444|0605|1234|1606|1852|2007|12 Rebiulahir 1449
20270914|0445|0606|1233|1605|1850|2006|13 Rebiulahir 1449
20270915|0446|0607|1233|1604|1849|2004|14 Rebiulahir 1449
20270916|0447|0608|1232|1603|1847|2002|15 Rebiulahir 1449
20270917|0448|0609|1232|1602|1846|2001|16 Rebiulahir 1449
20270918|0449|0609|1232|1601|1844|1959|17 Rebiulahir 1449
20270919|0450|0610|1231|1600|1843|1958|18 Rebiulahir 1449
20270920|0451|0611|1231|1559|1841|1956|19 Rebiulahir 1449
20270921|0452|0612|1231|1558|1839|1954|20 Rebiulahir 1449
20270922|0453|0613|1230|1557|1838|1953|21 Rebiulahir 1449
20270923|0454|0614|1230|1556|1836|1951|22 Rebiulahir 1449
20270924|0455|0614|1230|1555|1835|1949|23 Rebiulahir 1449
20270925|0456|0615|1229|1554|1833|1948|24 Rebiulahir 1449
20270926|0457|0616|1229|1553|1832|1946|25 Rebiulahir 1449
20270927|0457|0617|1229|1552|1830|1945|26 Rebiulahir 1449
20270928|0458|0618|1228|1551|1829|1943|27 Rebiulahir 1449
20270929|0459|0618|1228|1550|1827|1942|28 Rebiulahir 1449
20270930|0500|0619|1228|1549|1826|1940|29 Rebiulahir 1449
20271001|0501|0620|1227|1548|1824|1938|1 Cemaziyelevvel 1449
20271002|0502|0621|1227|1547|1823|1937|2 Cemaziyelevvel 1449
20271003|0503|0622|1227|1546|1821|1935|3 Cemaziyelevvel 1449
20271004|0504|0623|1226|1544|1820|1934|4 Cemaziyelevvel 1449
20271005|0504|0624|1226|1543|1818|1932|5 Cemaziyelevvel 1449
20271006|0505|0624|1226|1542|1817|1931|6 Cemaziyelevvel 1449
20271007|0506|0625|1225|1541|1816|1930|7 Cemaziyelevvel 1449
20271008|0507|0626|1225|1540|1814|1928|8 Cemaziyelevvel 1449
20271009|0508|0627|1225|1539|1813|1927|9 Cemaziyelevvel 1449
20271010|0509|0628|1225|1538|1811|1925|10 Cemaziyelevvel 1449
20271011|0510|0629|1224|1537|1810|1924|11 Cemaziyelevvel 1449
20271012|0511|0630|1224|1536|1808|1922|12 Cemaziyelevvel 1449
20271013|0511|0631|1224|1535|1807|1921|13 Cemaziyelevvel 1449
20271014|0512|0631|1224|1534|1806|1920|14 Cemaziyelevvel 1449
20271015|0513|0632|1223|1533|1804|1918|15 Cemaziyelevvel 1449
20271016|0514|0633|1223|1532|1803|1917|16 Cemaziyelevvel 1449
20271017|0515|0634|1223|1531|1802|1916|17 Cemaziyelevvel 1449
20271018|0516|0635|1223|1530|1800|1915|18 Cemaziyelevvel 1449
20271019|0517|0636|1222|1529|1759|1913|19 Cemaziyelevvel 1449
20271020|0518|0637|1222|1528|1758|1912|20 Cemaziyelevvel 1449
20271021|0518|0638|1222|1527|1756|1911|21 Cemaziyelevvel 1449
20271022|0519|0639|1222|1526|1755|1910|22 Cemaziyelevvel 1449
20271023|0520|0640|1222|1525|1754|1908|23 Cemaziyelevvel 1449
20271024|0521|0641|1222|1524|1753|1907|24 Cemaziyelevvel 1449
20271025|0522|0642|1222|1523|1751|1906|25 Cemaziyelevvel 1449
20271026|0523|0643|1221|1522|1750|1905|26 Cemaziyelevvel 1449
20271027|0524|0644|1221|1521|1749|1904|27 Cemaziyelevvel 1449
20271028|0525|0645|1221|1520|1748|1903|28 Cemaziyelevvel 1449
20271029|0525|0646|1221|1520|1747|1902|29 Cemaziyelevvel 1449
20271030|0526|0647|1221|1519|1745|1901|30 Cemaziyelevvel 1449
20271031|0527|0648|1221|1518|1744|1900|1 Cemaziyelahir 1449
20271101|0528|0649|1221|1517|1743|1859|2 Cemaziyelahir 1449
20271102|0529|0650|1221|1516|1742|1858|3 Cemaziyelahir 1449
20271103|0530|0651|1221|1515|1741|1857|4 Cemaziyelahir 1449
20271104|0531|0652|1221|1514|1740|1856|5 Cemaziyelahir 1449
20271105|0532|0653|1221|1514|1739|1855|6 Cemaziyelahir 1449
20271106|0532|0654|1221|1513|1738|1854|7 Cemaziyelahir 1449
20271107|0533|0655|1221|1512|1737|1854|8 Cemaziyelahir 1449
20271108|0534|0656|1221|1511|1736|1853|9 Cemaziyelahir 1449
20271109|0535|0657|1221|1511|1735|1852|10 Cemaziyelahir 1449
20271110|0536|0658|1221|1510|1735|1851|11 Cemaziyelahir 1449
20271111|0537|0659|1221|1509|1734|1851|12 Cemaziyelahir 1449
20271112|0538|0700|1221|1509|1733|1850|13 Cemaziyelahir 1449
20271113|0539|0701|1222|1508|1732|1849|14 Cemaziyelahir 1449
20271114|0540|0702|1222|1508|1731|1849|15 Cemaziyelahir 1449
20271115|0540|0703|1222|1507|1731|1848|16 Cemaziyelahir 1449
20271116|0541|0704|1222|1507|1730|1848|17 Cemaziyelahir 1449
20271117|0542|0705|1222|1506|1729|1847|18 Cemaziyelahir 1449
20271118|0543|0706|1222|1505|1729|1847|19 Cemaziyelahir 1449
20271119|0544|0707|1223|1505|1728|1846|20 Cemaziyelahir 1449
20271120|0545|0708|1223|1505|1727|1846|21 Cemaziyelahir 1449
20271121|0546|0709|1223|1504|1727|1845|22 Cemaziyelahir 1449
20271122|0547|0710|1223|1504|1726|1845|23 Cemaziyelahir 1449
20271123|0548|0711|1224|1503|1726|1844|24 Cemaziyelahir 1449
20271124|0548|0712|1224|1503|1725|1844|25 Cemaziyelahir 1449
20271125|0549|0713|1224|1503|1725|1844|26 Cemaziyelahir 1449
20271126|0550|0714|1224|1503|1725|1844|27 Cemaziyelahir 1449
20271127|0551|0715|1225|1502|1724|1843|28 Cemaziyelahir 1449
20271128|0552|0716|1225|1502|1724|1843|29 Cemaziyelahir 1449
20271129|0553|0717|1225|1502|1724|1843|1 Recep 1449
20271130|0553|0718|1226|1502|1723|1843|2 Recep 1449
20271201|0554|0719|1226|1502|1723|1843|3 Recep 1449
20271202|0555|0720|1226|1501|1723|1843|4 Recep 1449
20271203|0556|0721|1227|1501|1723|1843|5 Recep 1449
20271204|0557|0722|1227|1501|1723|1843|6 Recep 1449
20271205|0557|0723|1228|1501|1723|1843|7 Recep 1449
20271206|0558|0724|1228|1501|1723|1843|8 Recep 1449
20271207|0559|0724|1228|1501|1723|1843|9 Recep 1449
20271208|0600|0725|1229|1502|1723|1843|10 Recep 1449
20271209|0600|0726|1229|1502|1723|1843|11 Recep 1449
20271210|0601|0727|1230|1502|1723|1843|12 Recep 1449
20271211|0602|0728|1230|1502|1723|1843|13 Recep 1449
20271212|0603|0728|1231|1502|1723|1844|14 Recep 1449
20271213|0603|0729|1231|1502|1723|1844|15 Recep 1449
20271214|0604|0730|1232|1503|1723|1844|16 Recep 1449
20271215|0605|0731|1232|1503|1724|1844|17 Recep 1449
20271216|0605|0731|1233|1503|1724|1845|18 Recep 1449
20271217|0606|0732|1233|1504|1724|1845|19 Recep 1449
20271218|0606|0732|1234|1504|1725|1846|20 Recep 1449
20271219|0607|0733|1234|1504|1725|1846|21 Recep 1449
20271220|0608|0734|1235|1505|1725|1846|22 Recep 1449
20271221|0608|0734|1235|1505|1726|1847|23 Recep 1449
20271222|0609|0735|1236|1506|1726|1847|24 Recep 1449
20271223|0609|0735|1236|1506|1727|1848|25 Recep 1449
20271224|0610|0736|1237|1507|1727|1848|26 Recep 1449
20271225|0610|0736|1237|1507|1728|1849|27 Recep 1449
20271226|0610|0736|1238|1508|1729|1849|28 Recep 1449
20271227|0611|0737|1238|1509|1729|1850|29 Recep 1449
20271228|0611|0737|1239|1509|1730|1851|30 Recep 1449
20271229|0612|0737|1239|1510|1731|1851|1 Şaban 1449
20271230|0612|0738|1239|1510|1731|1852|2 Şaban 1449
20271231|0612|0738|1240|1511|1732|1853|3 Şaban 1449
#@17907|Polateli|KILIS|396
20261003|0502|0621|1226|1544|1820|1934|22 Rebiulahir 1448
20261004|0503|0622|1225|1543|1819|1933|23 Rebiulahir 1448
20261005|0504|0623|1225|1542|1817|1931|24 Rebiulahir 1448
20261006|0505|0624|1225|1541|1816|1930|25 Rebiulahir 1448
20261007|0506|0625|1224|1540|1814|1928|26 Rebiulahir 1448
20261008|0506|0625|1224|1539|1813|1927|27 Rebiulahir 1448
20261009|0507|0626|1224|1538|1811|1925|28 Rebiulahir 1448
20261010|0508|0627|1224|1537|1810|1924|29 Rebiulahir 1448
20261011|0509|0628|1223|1536|1809|1923|30 Rebiulahir 1448
20261012|0510|0629|1223|1535|1807|1921|1 Cemaziyelevvel 1448
20261013|0511|0630|1223|1534|1806|1920|2 Cemaziyelevvel 1448
20261014|0512|0631|1223|1533|1804|1919|3 Cemaziyelevvel 1448
20261015|0513|0632|1222|1532|1803|1917|4 Cemaziyelevvel 1448
20261016|0513|0633|1222|1531|1802|1916|5 Cemaziyelevvel 1448
20261017|0514|0633|1222|1530|1800|1915|6 Cemaziyelevvel 1448
20261018|0515|0634|1222|1529|1759|1913|7 Cemaziyelevvel 1448
20261019|0516|0635|1222|1528|1758|1912|8 Cemaziyelevvel 1448
20261020|0517|0636|1221|1527|1756|1911|9 Cemaziyelevvel 1448
20261021|0518|0637|1221|1526|1755|1910|10 Cemaziyelevvel 1448
20261022|0519|0638|1221|1525|1754|1908|11 Cemaziyelevvel 1448
20261023|0519|0639|1221|1524|1753|1907|12 Cemaziyelevvel 1448
20261024|0520|0640|1221|1523|1751|1906|13 Cemaziyelevvel 1448
20261025|0521|0641|1221|1522|1750|1905|14 Cemaziyelevvel 1448
20261026|0522|0642|1220|1521|1749|1904|15 Cemaziyelevvel 1448
20261027|0523|0643|1220|1520|1748|1903|16 Cemaziyelevvel 1448
20261028|0524|0644|1220|1519|1747|1902|17 Cemaziyelevvel 1448
20261029|0525|0645|1220|1518|1745|1901|18 Cemaziyelevvel 1448
20261030|0526|0646|1220|1518|1744|1900|19 Cemaziyelevvel 1448
20261031|0526|0647|1220|1517|1743|1859|20 Cemaziyelevvel 1448
20261101|0527|0648|1220|1516|1742|1858|21 Cemaziyelevvel 1448
20261102|0528|0649|1220|1515|1741|1857|22 Cemaziyelevvel 1448
20270101|0612|0737|1240|1511|1732|1853|23 Recep 1448
20270102|0612|0737|1240|1512|1733|1853|24 Recep 1448
20270103|0612|0738|1241|1513|1734|1854|25 Recep 1448
20270104|0612|0738|1241|1513|1735|1855|26 Recep 1448
20270105|0612|0738|1242|1514|1735|1856|27 Recep 1448
20270106|0612|0738|1242|1515|1736|1856|28 Recep 1448
20270107|0613|0738|1242|1516|1737|1857|29 Recep 1448
20270108|0613|0738|1243|1517|1738|1858|30 Recep 1448
20270109|0613|0738|1243|1518|1739|1859|1 Şaban 1448
20270110|0613|0738|1244|1518|1740|1900|2 Şaban 1448
20270111|0613|0737|1244|1519|1741|1900|3 Şaban 1448
20270112|0613|0737|1244|1520|1742|1901|4 Şaban 1448
20270113|0612|0737|1245|1521|1743|1902|5 Şaban 1448
20270114|0612|0737|1245|1522|1744|1903|6 Şaban 1448
20270115|0612|0737|1246|1523|1745|1904|7 Şaban 1448
20270116|0612|0736|1246|1524|1746|1905|8 Şaban 1448
20270117|0612|0736|1246|1525|1747|1906|9 Şaban 1448
20270118|0612|0736|1247|1525|1748|1907|10 Şaban 1448
20270119|0611|0735|1247|1526|1749|1907|11 Şaban 1448
20270120|0611|0735|1247|1527|1750|1908|12 Şaban 1448
20270121|0611|0734|1248|1528|1751|1909|13 Şaban 1448
20270122|0610|0734|1248|1529|1752|1910|14 Şaban 1448
20270123|0610|0733|1248|1530|1753|1911|15 Şaban 1448
20270124|0610|0733|1248|1531|1754|1912|16 Şaban 1448
20270125|0609|0732|1249|1532|1755|1913|17 Şaban 1448
20270126|0609|0731|1249|1533|1756|1914|18 Şaban 1448
20270127|0608|0731|1249|1534|1757|1915|19 Şaban 1448
20270128|0608|0730|1249|1535|1758|1916|20 Şaban 1448
20270129|0607|0729|1249|1536|1759|1917|21 Şaban 1448
20270130|0607|0729|1250|1537|1801|1918|22 Şaban 1448
20270131|0606|0728|1250|1537|1802|1919|23 Şaban 1448
20270201|0605|0727|1250|1538|1803|1919|24 Şaban 1448
20270202|0605|0726|1250|1539|1804|1920|25 Şaban 1448
20270203|0604|0726|1250|1540|1805|1921|26 Şaban 1448
20270204|0603|0725|1250|1541|1806|1922|27 Şaban 1448
20270205|0602|0724|1250|1542|1807|1923|28 Şaban 1448
20270206|0602|0723|1250|1543|1808|1924|29 Şaban 1448
20270207|0601|0722|1251|1544|1809|1925|30 Şaban 1448
20270208|0600|0721|1251|1544|1810|1926|1 Ramazan 1448
20270209|0559|0720|1251|1545|1811|1927|2 Ramazan 1448
20270210|0558|0719|1251|1546|1812|1928|3 Ramazan 1448
20270211|0557|0718|1251|1547|1813|1929|4 Ramazan 1448
20270212|0556|0717|1251|1548|1814|1930|5 Ramazan 1448
20270213|0555|0716|1251|1549|1816|1931|6 Ramazan 1448
20270214|0554|0715|1251|1549|1817|1932|7 Ramazan 1448
20270215|0553|0714|1251|1550|1818|1933|8 Ramazan 1448
20270216|0552|0712|1251|1551|1819|1934|9 Ramazan 1448
20270217|0551|0711|1250|1552|1820|1935|10 Ramazan 1448
20270218|0550|0710|1250|1552|1821|1936|11 Ramazan 1448
20270219|0549|0709|1250|1553|1822|1936|12 Ramazan 1448
20270220|0548|0708|1250|1554|1823|1937|13 Ramazan 1448
20270221|0547|0706|1250|1555|1824|1938|14 Ramazan 1448
20270222|0546|0705|1250|1555|1825|1939|15 Ramazan 1448
20270223|0545|0704|1250|1556|1826|1940|16 Ramazan 1448
20270224|0543|0703|1250|1557|1827|1941|17 Ramazan 1448
20270225|0542|0701|1250|1557|1828|1942|18 Ramazan 1448
20270226|0541|0700|1249|1558|1829|1943|19 Ramazan 1448
20270227|0540|0659|1249|1559|1830|1944|20 Ramazan 1448
20270228|0538|0657|1249|1559|1831|1945|21 Ramazan 1448
20270301|0537|0656|1249|1600|1832|1946|22 Ramazan 1448
20270302|0536|0655|1249|1601|1833|1947|23 Ramazan 1448
20270303|0534|0653|1249|1601|1834|1948|24 Ramazan 1448
20270304|0533|0652|1248|1602|1835|1949|25 Ramazan 1448
20270305|0532|0651|1248|1602|1836|1950|26 Ramazan 1448
20270306|0530|0649|1248|1603|1836|1950|27 Ramazan 1448
20270307|0529|0648|1248|1603|1837|1951|28 Ramazan 1448
20270308|0527|0646|1247|1604|1838|1952|29 Ramazan 1448
20270309|0526|0645|1247|1604|1839|1953|1 Şevval 1448
20270310|0525|0644|1247|1605|1840|1954|2 Şevval 1448
20270311|0523|0642|1247|1605|1841|1955|3 Şevval 1448
20270312|0522|0641|1246|1606|1842|1956|4 Şevval 1448
20270313|0520|0639|1246|1606|1843|1957|5 Şevval 1448
20270314|0519|0638|1246|1607|1844|1958|6 Şevval 1448
20270315|0517|0636|1246|1607|1845|1959|7 Şevval 1448
20270316|0516|0635|1245|1608|1846|2000|8 Şevval 1448
20270317|0514|0633|1245|1608|1847|2001|9 Şevval 1448
20270318|0512|0632|1245|1608|1848|2002|10 Şevval 1448
20270319|0511|0630|1244|1609|1848|2003|11 Şevval 1448
20270320|0509|0629|1244|1609|1849|2004|12 Şevval 1448
20270321|0508|0628|1244|1610|1850|2005|13 Şevval 1448
20270322|0506|0626|1244|1610|1851|2006|14 Şevval 1448
20270323|0505|0625|1243|1610|1852|2007|15 Şevval 1448
20270324|0503|0623|1243|1611|1853|2008|16 Şevval 1448
20270325|0501|0622|1243|1611|1854|2009|17 Şevval 1448
20270326|0500|0620|1242|1611|1855|2010|18 Şevval 1448
20270327|0458|0619|1242|1612|1855|2011|19 Şevval 1448
20270328|0457|0617|1242|1612|1856|2012|20 Şevval 1448
20270329|0455|0616|1241|1612|1857|2013|21 Şevval 1448
20270330|0453|0614|1241|1613|1858|2014|22 Şevval 1448
20270331|0452|0613|1241|1613|1859|2015|23 Şevval 1448
20270401|0450|0611|1241|1613|1900|2016|24 Şevval 1448
20270402|0448|0610|1240|1613|1901|2017|25 Şevval 1448
20270403|0447|0608|1240|1614|1902|2018|26 Şevval 1448
20270404|0445|0607|1240|1614|1902|2019|27 Şevval 1448
20270405|0443|0605|1239|1614|1903|2020|28 Şevval 1448
20270406|0442|0604|1239|1614|1904|2021|29 Şevval 1448
20270407|0440|0603|1239|1615|1905|2022|30 Şevval 1448
20270408|0438|0601|1239|1615|1906|2023|1 Zilkade 1448
20270409|0437|0600|1238|1615|1907|2024|2 Zilkade 1448
20270410|0435|0558|1238|1615|1908|2025|3 Zilkade 1448
20270411|0433|0557|1238|1616|1909|2027|4 Zilkade 1448
20270412|0432|0555|1237|1616|1909|2028|5 Zilkade 1448
20270413|0430|0554|1237|1616|1910|2029|6 Zilkade 1448
20270414|0428|0553|1237|1616|1911|2030|7 Zilkade 1448
20270415|0427|0551|1237|1616|1912|2031|8 Zilkade 1448
20270416|0425|0550|1236|1616|1913|2032|9 Zilkade 1448
20270417|0423|0549|1236|1617|1914|2033|10 Zilkade 1448
20270418|0422|0547|1236|1617|1915|2034|11 Zilkade 1448
20270419|0420|0546|1236|1617|1916|2036|12 Zilkade 1448
20270420|0419|0545|1236|1617|1916|2037|13 Zilkade 1448
20270421|0417|0543|1235|1617|1917|2038|14 Zilkade 1448
20270422|0415|0542|1235|1618|1918|2039|15 Zilkade 1448
20270423|0414|0541|1235|1618|1919|2040|16 Zilkade 1448
20270424|0412|0539|1235|1618|1920|2041|17 Zilkade 1448
20270425|0411|0538|1235|1618|1921|2043|18 Zilkade 1448
20270426|0409|0537|1234|1618|1922|2044|19 Zilkade 1448
20270427|0407|0536|1234|1618|1923|2045|20 Zilkade 1448
20270428|0406|0535|1234|1618|1924|2046|21 Zilkade 1448
20270429|0404|0533|1234|1619|1924|2047|22 Zilkade 1448
20270430|0403|0532|1234|1619|1925|2049|23 Zilkade 1448
20270501|0401|0531|1234|1619|1926|2050|24 Zilkade 1448
20270502|0400|0530|1234|1619|1927|2051|25 Zilkade 1448
20270503|0358|0529|1233|1619|1928|2052|26 Zilkade 1448
20270504|0357|0528|1233|1619|1929|2054|27 Zilkade 1448
20270505|0355|0527|1233|1620|1930|2055|28 Zilkade 1448
20270506|0354|0526|1233|1620|1931|2056|29 Zilkade 1448
20270507|0353|0525|1233|1620|1931|2057|1 Zilhicce 1448
20270508|0351|0524|1233|1620|1932|2059|2 Zilhicce 1448
20270509|0350|0523|1233|1620|1933|2100|3 Zilhicce 1448
20270510|0348|0522|1233|1620|1934|2101|4 Zilhicce 1448
20270511|0347|0521|1233|1620|1935|2102|5 Zilhicce 1448
20270512|0346|0520|1233|1621|1936|2103|6 Zilhicce 1448
20270513|0344|0519|1233|1621|1937|2105|7 Zilhicce 1448
20270514|0343|0518|1233|1621|1938|2106|8 Zilhicce 1448
20270515|0342|0517|1233|1621|1938|2107|9 Zilhicce 1448
20270516|0341|0516|1233|1621|1939|2108|10 Zilhicce 1448
20270517|0340|0516|1233|1621|1940|2110|11 Zilhicce 1448
20270518|0338|0515|1233|1622|1941|2111|12 Zilhicce 1448
20270519|0337|0514|1233|1622|1942|2112|13 Zilhicce 1448
20270520|0336|0513|1233|1622|1942|2113|14 Zilhicce 1448
20270521|0335|0513|1233|1622|1943|2114|15 Zilhicce 1448
20270522|0334|0512|1233|1622|1944|2115|16 Zilhicce 1448
20270523|0333|0511|1233|1623|1945|2116|17 Zilhicce 1448
20270524|0332|0511|1233|1623|1946|2118|18 Zilhicce 1448
20270525|0331|0510|1233|1623|1946|2119|19 Zilhicce 1448
20270526|0330|0510|1233|1623|1947|2120|20 Zilhicce 1448
20270527|0329|0509|1234|1623|1948|2121|21 Zilhicce 1448
20270528|0328|0509|1234|1624|1949|2122|22 Zilhicce 1448
20270529|0328|0508|1234|1624|1949|2123|23 Zilhicce 1448
20270530|0327|0508|1234|1624|1950|2124|24 Zilhicce 1448
20270531|0326|0507|1234|1624|1951|2125|25 Zilhicce 1448
20270601|0325|0507|1234|1624|1951|2126|26 Zilhicce 1448
20270602|0325|0507|1234|1625|1952|2127|27 Zilhicce 1448
20270603|0324|0506|1235|1625|1953|2128|28 Zilhicce 1448
20270604|0323|0506|1235|1625|1953|2129|29 Zilhicce 1448
20270605|0323|0506|1235|1625|1954|2129|30 Zilhicce 1448
20270606|0322|0506|1235|1625|1955|2130|1 Muharrem 1449
20270607|0322|0505|1235|1626|1955|2131|2 Muharrem 1449
20270608|0322|0505|1235|1626|1956|2132|3 Muharrem 1449
20270609|0321|0505|1236|1626|1956|2133|4 Muharrem 1449
20270610|0321|0505|1236|1626|1957|2133|5 Muharrem 1449
20270611|0321|0505|1236|1627|1957|2134|6 Muharrem 1449
20270612|0320|0505|1236|1627|1958|2134|7 Muharrem 1449
20270613|0320|0505|1236|1627|1958|2135|8 Muharrem 1449
20270614|0320|0505|1237|1627|1959|2136|9 Muharrem 1449
20270615|0320|0505|1237|1628|1959|2136|10 Muharrem 1449
20270616|0320|0505|1237|1628|1959|2137|11 Muharrem 1449
20270617|0320|0505|1237|1628|2000|2137|12 Muharrem 1449
20270618|0320|0505|1237|1628|2000|2137|13 Muharrem 1449
20270619|0320|0505|1238|1628|2000|2138|14 Muharrem 1449
20270620|0320|0505|1238|1629|2001|2138|15 Muharrem 1449
20270621|0320|0506|1238|1629|2001|2138|16 Muharrem 1449
20270622|0320|0506|1238|1629|2001|2139|17 Muharrem 1449
20270623|0321|0506|1239|1629|2001|2139|18 Muharrem 1449
20270624|0321|0506|1239|1630|2001|2139|19 Muharrem 1449
20270625|0321|0507|1239|1630|2001|2139|20 Muharrem 1449
20270626|0322|0507|1239|1630|2002|2139|21 Muharrem 1449
20270627|0322|0507|1239|1630|2002|2139|22 Muharrem 1449
20270628|0323|0508|1240|1630|2002|2139|23 Muharrem 1449
20270629|0323|0508|1240|1631|2002|2139|24 Muharrem 1449
20270630|0324|0508|1240|1631|2002|2139|25 Muharrem 1449
20270701|0324|0509|1240|1631|2002|2139|26 Muharrem 1449
20270702|0325|0509|1240|1631|2002|2138|27 Muharrem 1449
20270703|0326|0510|1241|1631|2002|2138|28 Muharrem 1449
20270704|0326|0510|1241|1631|2001|2138|29 Muharrem 1449
20270705|0327|0511|1241|1632|2001|2137|1 Safer 1449
20270706|0328|0511|1241|1632|2001|2137|2 Safer 1449
20270707|0329|0512|1241|1632|2001|2137|3 Safer 1449
20270708|0329|0512|1241|1632|2001|2136|4 Safer 1449
20270709|0330|0513|1242|1632|2000|2136|5 Safer 1449
20270710|0331|0514|1242|1632|2000|2135|6 Safer 1449
20270711|0332|0514|1242|1632|2000|2135|7 Safer 1449
20270712|0333|0515|1242|1632|1959|2134|8 Safer 1449
20270713|0334|0515|1242|1632|1959|2133|9 Safer 1449
20270714|0335|0516|1242|1632|1959|2132|10 Safer 1449
20270715|0336|0517|1242|1632|1958|2132|11 Safer 1449
20270716|0337|0517|1242|1632|1958|2131|12 Safer 1449
20270717|0338|0518|1243|1632|1957|2130|13 Safer 1449
20270718|0339|0519|1243|1632|1957|2129|14 Safer 1449
20270719|0340|0520|1243|1632|1956|2128|15 Safer 1449
20270720|0341|0520|1243|1632|1955|2127|16 Safer 1449
20270721|0342|0521|1243|1632|1955|2126|17 Safer 1449
20270722|0343|0522|1243|1632|1954|2125|18 Safer 1449
20270723|0345|0523|1243|1632|1953|2124|19 Safer 1449
20270724|0346|0523|1243|1632|1953|2123|20 Safer 1449
20270725|0347|0524|1243|1632|1952|2122|21 Safer 1449
20270726|0348|0525|1243|1632|1951|2121|22 Safer 1449
20270727|0349|0526|1243|1632|1950|2120|23 Safer 1449
20270728|0350|0526|1243|1632|1950|2119|24 Safer 1449
20270729|0352|0527|1243|1631|1949|2118|25 Safer 1449
20270730|0353|0528|1243|1631|1948|2116|26 Safer 1449
20270731|0354|0529|1243|1631|1947|2115|27 Safer 1449
20270801|0355|0530|1243|1631|1946|2114|28 Safer 1449
20270802|0356|0530|1243|1630|1945|2113|29 Safer 1449
20270803|0358|0531|1243|1630|1944|2111|1 Rebiulevvel 1449
20270804|0359|0532|1243|1630|1943|2110|2 Rebiulevvel 1449
20270805|0400|0533|1243|1630|1942|2109|3 Rebiulevvel 1449
20270806|0401|0534|1242|1629|1941|2107|4 Rebiulevvel 1449
20270807|0403|0534|1242|1629|1940|2106|5 Rebiulevvel 1449
20270808|0404|0535|1242|1629|1939|2104|6 Rebiulevvel 1449
20270809|0405|0536|1242|1628|1938|2103|7 Rebiulevvel 1449
20270810|0406|0537|1242|1628|1937|2102|8 Rebiulevvel 1449
20270811|0407|0538|1242|1627|1936|2100|9 Rebiulevvel 1449
20270812|0409|0539|1242|1627|1935|2059|10 Rebiulevvel 1449
20270813|0410|0539|1241|1627|1934|2057|11 Rebiulevvel 1449
20270814|0411|0540|1241|1626|1932|2056|12 Rebiulevvel 1449
20270815|0412|0541|1241|1626|1931|2054|13 Rebiulevvel 1449
20270816|0413|0542|1241|1625|1930|2053|14 Rebiulevvel 1449
20270817|0415|0543|1241|1625|1929|2051|15 Rebiulevvel 1449
20270818|0416|0544|1240|1624|1927|2049|16 Rebiulevvel 1449
20270819|0417|0544|1240|1624|1926|2048|17 Rebiulevvel 1449
20270820|0418|0545|1240|1623|1925|2046|18 Rebiulevvel 1449
20270821|0419|0546|1240|1622|1924|2045|19 Rebiulevvel 1449
20270822|0420|0547|1240|1622|1922|2043|20 Rebiulevvel 1449
20270823|0421|0548|1239|1621|1921|2041|21 Rebiulevvel 1449
20270824|0423|0548|1239|1621|1920|2040|22 Rebiulevvel 1449
20270825|0424|0549|1239|1620|1918|2038|23 Rebiulevvel 1449
20270826|0425|0550|1238|1619|1917|2036|24 Rebiulevvel 1449
20270827|0426|0551|1238|1619|1916|2035|25 Rebiulevvel 1449
20270828|0427|0552|1238|1618|1914|2033|26 Rebiulevvel 1449
20270829|0428|0553|1238|1617|1913|2032|27 Rebiulevvel 1449
20270830|0429|0553|1237|1616|1911|2030|28 Rebiulevvel 1449
20270831|0430|0554|1237|1616|1910|2028|29 Rebiulevvel 1449
20270901|0431|0555|1237|1615|1908|2027|30 Rebiulevvel 1449
20270902|0432|0556|1236|1614|1907|2025|1 Rebiulahir 1449
20270903|0433|0557|1236|1613|1906|2023|2 Rebiulahir 1449
20270904|0434|0557|1236|1613|1904|2022|3 Rebiulahir 1449
20270905|0436|0558|1235|1612|1903|2020|4 Rebiulahir 1449
20270906|0437|0559|1235|1611|1901|2018|5 Rebiulahir 1449
20270907|0438|0600|1235|1610|1900|2017|6 Rebiulahir 1449
20270908|0439|0601|1234|1609|1858|2015|7 Rebiulahir 1449
20270909|0440|0601|1234|1608|1857|2013|8 Rebiulahir 1449
20270910|0441|0602|1234|1607|1855|2012|9 Rebiulahir 1449
20270911|0442|0603|1233|1606|1854|2010|10 Rebiulahir 1449
20270912|0443|0604|1233|1606|1852|2008|11 Rebiulahir 1449
20270913|0444|0605|1233|1605|1851|2007|12 Rebiulahir 1449
20270914|0444|0605|1232|1604|1849|2005|13 Rebiulahir 1449
20270915|0445|0606|1232|1603|1848|2003|14 Rebiulahir 1449
20270916|0446|0607|1232|1602|1846|2002|15 Rebiulahir 1449
20270917|0447|0608|1231|1601|1845|2000|16 Rebiulahir 1449
20270918|0448|0609|1231|1600|1843|1958|17 Rebiulahir 1449
20270919|0449|0609|1230|1559|1842|1957|18 Rebiulahir 1449
20270920|0450|0610|1230|1558|1840|1955|19 Rebiulahir 1449
20270921|0451|0611|1230|1557|1839|1953|20 Rebiulahir 1449
20270922|0452|0612|1229|1556|1837|1952|21 Rebiulahir 1449
20270923|0453|0613|1229|1555|1836|1950|22 Rebiulahir 1449
20270924|0454|0613|1229|1554|1834|1949|23 Rebiulahir 1449
20270925|0455|0614|1228|1553|1833|1947|24 Rebiulahir 1449
20270926|0456|0615|1228|1552|1831|1945|25 Rebiulahir 1449
20270927|0457|0616|1228|1551|1829|1944|26 Rebiulahir 1449
20270928|0457|0617|1227|1550|1828|1942|27 Rebiulahir 1449
20270929|0458|0618|1227|1549|1826|1941|28 Rebiulahir 1449
20270930|0459|0618|1227|1548|1825|1939|29 Rebiulahir 1449
20271001|0500|0619|1226|1547|1823|1938|1 Cemaziyelevvel 1449
20271002|0501|0620|1226|1546|1822|1936|2 Cemaziyelevvel 1449
20271003|0502|0621|1226|1545|1821|1935|3 Cemaziyelevvel 1449
20271004|0503|0622|1225|1544|1819|1933|4 Cemaziyelevvel 1449
20271005|0504|0623|1225|1543|1818|1932|5 Cemaziyelevvel 1449
20271006|0504|0623|1225|1541|1816|1930|6 Cemaziyelevvel 1449
20271007|0505|0624|1224|1540|1815|1929|7 Cemaziyelevvel 1449
20271008|0506|0625|1224|1539|1813|1927|8 Cemaziyelevvel 1449
20271009|0507|0626|1224|1538|1812|1926|9 Cemaziyelevvel 1449
20271010|0508|0627|1224|1537|1810|1924|10 Cemaziyelevvel 1449
20271011|0509|0628|1223|1536|1809|1923|11 Cemaziyelevvel 1449
20271012|0510|0629|1223|1535|1808|1922|12 Cemaziyelevvel 1449
20271013|0511|0630|1223|1534|1806|1920|13 Cemaziyelevvel 1449
20271014|0511|0631|1223|1533|1805|1919|14 Cemaziyelevvel 1449
20271015|0512|0631|1222|1532|1803|1918|15 Cemaziyelevvel 1449
20271016|0513|0632|1222|1531|1802|1916|16 Cemaziyelevvel 1449
20271017|0514|0633|1222|1530|1801|1915|17 Cemaziyelevvel 1449
20271018|0515|0634|1222|1529|1759|1914|18 Cemaziyelevvel 1449
20271019|0516|0635|1222|1528|1758|1912|19 Cemaziyelevvel 1449
20271020|0517|0636|1221|1527|1757|1911|20 Cemaziyelevvel 1449
20271021|0517|0637|1221|1526|1755|1910|21 Cemaziyelevvel 1449
20271022|0518|0638|1221|1525|1754|1909|22 Cemaziyelevvel 1449
20271023|0519|0639|1221|1524|1753|1908|23 Cemaziyelevvel 1449
20271024|0520|0640|1221|1523|1752|1906|24 Cemaziyelevvel 1449
20271025|0521|0641|1221|1522|1750|1905|25 Cemaziyelevvel 1449
20271026|0522|0642|1220|1521|1749|1904|26 Cemaziyelevvel 1449
20271027|0523|0643|1220|1520|1748|1903|27 Cemaziyelevvel 1449
20271028|0524|0644|1220|1520|1747|1902|28 Cemaziyelevvel 1449
20271029|0524|0645|1220|1519|1746|1901|29 Cemaziyelevvel 1449
20271030|0525|0646|1220|1518|1745|1900|30 Cemaziyelevvel 1449
20271031|0526|0647|1220|1517|1744|1859|1 Cemaziyelahir 1449
20271101|0527|0648|1220|1516|1742|1858|2 Cemaziyelahir 1449
20271102|0528|0649|1220|1515|1741|1857|3 Cemaziyelahir 1449
20271103|0529|0650|1220|1514|1740|1856|4 Cemaziyelahir 1449
20271104|0530|0651|1220|1514|1739|1855|5 Cemaziyelahir 1449
20271105|0531|0652|1220|1513|1738|1854|6 Cemaziyelahir 1449
20271106|0532|0653|1220|1512|1737|1854|7 Cemaziyelahir 1449
20271107|0532|0654|1220|1511|1736|1853|8 Cemaziyelahir 1449
20271108|0533|0655|1220|1511|1736|1852|9 Cemaziyelahir 1449
20271109|0534|0656|1220|1510|1735|1851|10 Cemaziyelahir 1449
20271110|0535|0657|1220|1509|1734|1850|11 Cemaziyelahir 1449
20271111|0536|0658|1220|1509|1733|1850|12 Cemaziyelahir 1449
20271112|0537|0659|1220|1508|1732|1849|13 Cemaziyelahir 1449
20271113|0538|0700|1221|1507|1731|1848|14 Cemaziyelahir 1449
20271114|0539|0701|1221|1507|1731|1848|15 Cemaziyelahir 1449
20271115|0540|0702|1221|1506|1730|1847|16 Cemaziyelahir 1449
20271116|0540|0703|1221|1506|1729|1847|17 Cemaziyelahir 1449
20271117|0541|0704|1221|1505|1728|1846|18 Cemaziyelahir 1449
20271118|0542|0705|1221|1505|1728|1846|19 Cemaziyelahir 1449
20271119|0543|0706|1222|1504|1727|1845|20 Cemaziyelahir 1449
20271120|0544|0707|1222|1504|1727|1845|21 Cemaziyelahir 1449
20271121|0545|0708|1222|1503|1726|1844|22 Cemaziyelahir 1449
20271122|0546|0709|1222|1503|1726|1844|23 Cemaziyelahir 1449
20271123|0547|0710|1223|1503|1725|1844|24 Cemaziyelahir 1449
20271124|0547|0711|1223|1502|1725|1843|25 Cemaziyelahir 1449
20271125|0548|0712|1223|1502|1724|1843|26 Cemaziyelahir 1449
20271126|0549|0713|1224|1502|1724|1843|27 Cemaziyelahir 1449
20271127|0550|0714|1224|1501|1723|1843|28 Cemaziyelahir 1449
20271128|0551|0715|1224|1501|1723|1842|29 Cemaziyelahir 1449
20271129|0552|0716|1224|1501|1723|1842|1 Recep 1449
20271130|0552|0717|1225|1501|1723|1842|2 Recep 1449
20271201|0553|0718|1225|1501|1722|1842|3 Recep 1449
20271202|0554|0719|1226|1501|1722|1842|4 Recep 1449
20271203|0555|0720|1226|1501|1722|1842|5 Recep 1449
20271204|0556|0721|1226|1501|1722|1842|6 Recep 1449
20271205|0557|0722|1227|1501|1722|1842|7 Recep 1449
20271206|0557|0723|1227|1501|1722|1842|8 Recep 1449
20271207|0558|0723|1228|1501|1722|1842|9 Recep 1449
20271208|0559|0724|1228|1501|1722|1842|10 Recep 1449
20271209|0600|0725|1228|1501|1722|1842|11 Recep 1449
20271210|0600|0726|1229|1501|1722|1842|12 Recep 1449
20271211|0601|0727|1229|1501|1722|1843|13 Recep 1449
20271212|0602|0727|1230|1501|1722|1843|14 Recep 1449
20271213|0602|0728|1230|1502|1722|1843|15 Recep 1449
20271214|0603|0729|1231|1502|1723|1843|16 Recep 1449
20271215|0604|0730|1231|1502|1723|1844|17 Recep 1449
20271216|0604|0730|1232|1502|1723|1844|18 Recep 1449
20271217|0605|0731|1232|1503|1724|1844|19 Recep 1449
20271218|0605|0731|1233|1503|1724|1845|20 Recep 1449
20271219|0606|0732|1233|1504|1724|1845|21 Recep 1449
20271220|0607|0733|1234|1504|1725|1846|22 Recep 1449
20271221|0607|0733|1234|1504|1725|1846|23 Recep 1449
20271222|0608|0734|1235|1505|1726|1846|24 Recep 1449
20271223|0608|0734|1235|1505|1726|1847|25 Recep 1449
20271224|0609|0735|1236|1506|1727|1848|26 Recep 1449
20271225|0609|0735|1236|1507|1727|1848|27 Recep 1449
20271226|0609|0735|1237|1507|1728|1849|28 Recep 1449
20271227|0610|0736|1237|1508|1728|1849|29 Recep 1449
20271228|0610|0736|1238|1508|1729|1850|30 Recep 1449
20271229|0611|0736|1238|1509|1730|1850|1 Şaban 1449
20271230|0611|0737|1239|1510|1730|1851|2 Şaban 1449
20271231|0611|0737|1239|1510|1731|1852|3 Şaban 1449
